0.0
0.0
0.0
0.0
0.0
0.0
0.0
0.0
0.0
0.0
0.0
0.0
0.0
0.0
0.0
0.0
0.0
0.0
0.0
0.0
0.0
0.0
0.0
0.0
0.0
0.0
0.0
0.0
0.0
8.381903171539307e-09
1.1641532182693481e-08
1.6763806343078613e-08
1.6763806343078613e-08
8.00006091594696e-07
2.421438694000244e-08
0.0
2.3283064365386963e-08
2.942979335784912e-07
1.126900315284729e-06
9.313225746154785e-10
3.3527612686157227e-08
1.73225998878479e-07
1.862645149230957e-09
1.3168901205062866e-06
3.3527612686157227e-08
4.092231392860413e-06
4.172325134277344e-07
7.450580596923828e-09
1.600012183189392e-06
1.4156103134155273e-07
1.862645149230957e-09
6.686896085739136e-07
4.842877388000488e-08
1.862645149230957e-09
2.421438694000244e-07
3.4365803003311157e-06
0.0
1.0803341865539551e-07
1.8589198589324951e-06
9.618699550628662e-06
4.6566128730773926e-08
1.039355993270874e-06
5.7853758335113525e-06
2.2351741790771484e-08
5.885958671569824e-07
3.5762786865234375e-06
9.313225746154785e-09
3.390014171600342e-07
2.253800630569458e-06
1.862645149230957e-09
1.993030309677124e-07
1.4491379261016846e-06
3.725290298461914e-09
1.1362135410308838e-07
9.462237358093262e-07
1.862645149230957e-09
6.705522537231445e-08
6.183981895446777e-07
3.725290298461914e-09
2.9802322387695312e-08
3.46451997756958e-07
1.6093254089355469e-06
4.861503839492798e-06
1.1529773473739624e-05
3.725290298461914e-09
7.450580596923828e-09
1.564621925354004e-07
8.158385753631592e-07
2.6337802410125732e-06
6.511807441711426e-06
1.3615936040878296e-05
3.725290298461914e-09
6.705522537231445e-08
4.172325134277344e-07
1.4677643775939941e-06
3.8035213947296143e-06
8.184462785720825e-06
0.0
3.3527612686157227e-08
2.1979212760925293e-07
8.344650268554688e-07
2.2724270820617676e-06
5.058944225311279e-06
3.725290298461914e-09
1.4901161193847656e-08
1.1175870895385742e-07
4.805624485015869e-07
1.389533281326294e-06
3.200024366378784e-06
0.0
7.450580596923828e-09
5.960464477539063e-08
2.8312206268310547e-07
8.530914783477783e-07
2.0526349544525146e-06
4.205852746963501e-06
3.725290298461914e-09
2.9802322387695312e-08
1.601874828338623e-07
5.364418029785156e-07
1.3373792171478271e-06
2.816319465637207e-06
0.0
1.4901161193847656e-08
9.685754776000977e-08
3.390014171600342e-07
8.791685104370117e-07
1.9073486328125e-06
3.725290298461914e-09
3.725290298461914e-09
3.725290298461914e-08
1.7136335372924805e-07
4.842877388000488e-07
1.1324882507324219e-06
2.2724270820617676e-06
4.105269908905029e-06
6.8731606006622314e-06
1.084059476852417e-05
1.6316771507263184e-05
2.3636966943740845e-05
0.0
7.450580596923828e-09
1.1175870895385742e-08
6.705522537231445e-08
2.1606683731079102e-07
5.438923835754395e-07
1.1511147022247314e-06
2.1569430828094482e-06
3.7178397178649902e-06
6.0051679611206055e-06
9.201467037200928e-06
1.3533979654312134e-05
1.9237399101257324e-05
0.0
7.450580596923828e-09
2.60770320892334e-08
9.313225746154785e-08
2.644956111907959e-07
5.923211574554443e-07
1.1622905731201172e-06
2.078711986541748e-06
3.430992364883423e-06
5.37186861038208e-06
8.028000593185425e-06
1.1570751667022705e-05
7.450580596923828e-09
0.0
1.4901161193847656e-08
4.470348358154297e-08
1.2665987014770508e-07
3.129243850708008e-07
6.332993507385254e-07
1.1771917343139648e-06
2.0079314708709717e-06
3.21120023727417e-06
4.891306161880493e-06
7.152557373046875e-06
1.0114163160324097e-05
3.725290298461914e-09
3.725290298461914e-09
1.862645149230957e-08
6.332993507385254e-08
1.601874828338623e-07
3.5390257835388184e-07
6.780028343200684e-07
1.1883676052093506e-06
1.955777406692505e-06
3.032386302947998e-06
4.507601261138916e-06
6.467103958129883e-06
0.0
3.725290298461914e-09
3.725290298461914e-09
2.9802322387695312e-08
8.568167686462402e-08
1.8998980522155762e-07
3.986060619354248e-07
7.152557373046875e-07
1.2032687664031982e-06
1.9185245037078857e-06
2.898275852203369e-06
4.220753908157349e-06
5.945563316345215e-06
0.0
7.450580596923828e-09
1.4901161193847656e-08
4.0978193283081055e-08
1.1175870895385742e-07
2.2724270820617676e-07
4.3958425521850586e-07
7.562339305877686e-07
1.2256205081939697e-06
1.8924474716186523e-06
2.7902424335479736e-06
3.986060619354248e-06
3.725290298461914e-09
3.725290298461914e-09
7.450580596923828e-09
1.862645149230957e-08
5.960464477539063e-08
1.341104507446289e-07
2.60770320892334e-07
4.731118679046631e-07
7.860362529754639e-07
1.2367963790893555e-06
1.862645149230957e-06
2.693384885787964e-06
0.0
0.0
1.7344951629638672e-05
0.0001112520694732666
1.996755599975586e-06
2.2083520889282227e-05
6.753206253051758e-05
0.00014913082122802734
1.1920928955078125e-07
2.5033950805664062e-06
1.1205673217773438e-05
2.956390380859375e-05
0.0
9.21487808227539e-05
2.7418136596679688e-06
0.00020551681518554688
1.8417835235595703e-05
2.384185791015625e-07
5.608797073364258e-05
3.3974647521972656e-06
0.0
1.537799835205078e-05
4.76837158203125e-07
4.0650367736816406e-05
3.933906555175781e-06
5.960464477539063e-08
1.1682510375976562e-05
0.00012797117233276367
5.960464477539063e-08
3.635883331298828e-06
5.7220458984375e-05
0.00028651952743530273
1.0132789611816406e-06
2.5451183319091797e-05
0.0001487135887145996
2.980232238769531e-07
1.1146068572998047e-05
7.796287536621094e-05
5.960464477539063e-08
4.589557647705078e-06
4.076957702636719e-05
5.960464477539063e-08
1.7285346984863281e-06
2.1219253540039062e-05
9.709596633911133e-05
5.960464477539062e-07
1.0907649993896484e-05
5.6803226470947266e-05
1.7881393432617188e-07
5.364418029785156e-06
3.2961368560791016e-05
0.0
2.1457672119140625e-06
1.6450881958007812e-05
6.461143493652344e-05
0.00017952919006347656
0.00040411949157714844
0.0
7.152557373046875e-07
5.245208740234375e-06
2.5510787963867188e-05
8.034706115722656e-05
0.0001952648162841797
0.0004029273986816406
2.384185791015625e-07
1.6689300537109375e-06
9.775161743164062e-06
3.5762786865234375e-05
9.5367431640625e-05
0.0002090930938720703
2.384185791015625e-07
4.76837158203125e-07
3.337860107421875e-06
1.5735626220703125e-05
4.6253204345703125e-05
0.00010943412780761719
0.00022220611572265625
2.384185791015625e-07
1.1920928955078125e-06
6.67572021484375e-06
2.2411346435546875e-05
5.7220458984375e-05
0.00012350082397460938
0.0
2.384185791015625e-07
2.6226043701171875e-06
1.049041748046875e-05
2.9802322387695312e-05
6.890296936035156e-05
0.00013637542724609375
0.0
1.1920928955078125e-06
4.76837158203125e-06
1.5020370483398438e-05
3.814697265625e-05
7.963180541992188e-05
2.384185791015625e-07
4.76837158203125e-07
1.9073486328125e-06
7.62939453125e-06
2.09808349609375e-05
4.6253204345703125e-05
0.0
0.0
7.152557373046875e-07
3.0994415283203125e-06
9.059906005859375e-06
2.2649765014648438e-05
4.8160552978515625e-05
9.083747863769531e-05
0.00015664100646972656
0.0002524852752685547
0.00038695335388183594
0.0005691051483154297
0.0008087158203125
2.384185791015625e-07
2.384185791015625e-07
7.152557373046875e-07
2.1457672119140625e-06
7.152557373046875e-06
1.7404556274414062e-05
3.600120544433594e-05
6.651878356933594e-05
0.00011277198791503906
0.0001800060272216797
0.00027441978454589844
0.0004010200500488281
0.0005674362182617188
2.384185791015625e-07
2.384185791015625e-07
2.384185791015625e-07
1.9073486328125e-06
5.7220458984375e-06
1.3828277587890625e-05
2.765655517578125e-05
5.0067901611328125e-05
8.440017700195312e-05
0.00013375282287597656
0.000202178955078125
0.00029468536376953125
0.0004146099090576172
2.384185791015625e-07
2.384185791015625e-07
4.76837158203125e-07
1.6689300537109375e-06
5.0067901611328125e-06
1.0967254638671875e-05
2.1696090698242188e-05
3.910064697265625e-05
6.532669067382812e-05
0.00010275840759277344
0.00015425682067871094
0.0002231597900390625
0.00031256675720214844
0.0
0.0
4.76837158203125e-07
1.9073486328125e-06
4.291534423828125e-06
8.821487426757812e-06
1.7642974853515625e-05
3.0994415283203125e-05
5.173683166503906e-05
8.058547973632812e-05
0.00012040138244628906
0.00017309188842773438
0.00024175643920898438
0.0
2.384185791015625e-07
7.152557373046875e-07
1.6689300537109375e-06
3.5762786865234375e-06
7.62939453125e-06
1.4543533325195312e-05
2.574920654296875e-05
4.1961669921875e-05
6.508827209472656e-05
9.655952453613281e-05
0.00013828277587890625
0.00019216537475585938
2.384185791015625e-07
4.76837158203125e-07
7.152557373046875e-07
1.1920928955078125e-06
3.0994415283203125e-06
6.4373016357421875e-06
1.239776611328125e-05
2.1696090698242188e-05
3.457069396972656e-05
5.340576171875e-05
7.867813110351562e-05
0.0001125335693359375
2.384185791015625e-07
2.384185791015625e-07
0.0
4.76837158203125e-07
1.1920928955078125e-06
2.86102294921875e-06
5.9604644775390625e-06
1.0728836059570312e-05
1.811981201171875e-05
3.0517578125e-05
0.03125
0.0390625
0.0
0.0625
0.484375
0.0
0.0
0.078125
0.296875
0.6875
1.21875
0.0
0.0
0.0
4.28125
0.125
6.4375
0.4375
0.0
0.96875
0.03125
1.71875
0.09375
0.0
0.25
0.0
0.5625
0.0
0.84375
6.03125
0.0
0.15625
2.0
9.09375
0.03125
0.59375
3.625
0.0
0.15625
1.34375
5.59375
0.03125
0.4375
2.40625
0.0
0.125
1.0
0.0
0.03125
0.375
1.78125
0.0
0.125
0.78125
0.0
0.0625
0.25
1.1875
3.5625
8.5
17.25
0.0
0.0625
0.25
1.0
2.8125
6.5
12.875
0.0
0.0
0.25
0.875
2.3125
5.125
9.875
0.0
0.0625
0.1875
0.75
1.9375
4.125
7.875
0.0
0.0
0.1875
0.625
1.625
3.4375
0.0
0.0
0.0625
0.1875
0.5625
1.4375
2.9375
0.0
0.0
0.0625
0.1875
0.5625
1.25
2.5
0.0
0.0
0.0625
0.1875
0.5
1.125
2.1875
0.0
0.0
0.0625
0.125
0.375
0.8125
1.6875
3.0625
5.0625
8.0625
12.0625
17.4375
24.4375
33.3125
0.0
0.0
0.0
0.125
0.3125
0.6875
1.375
2.4375
4.0
6.1875
9.1875
13.0625
18.125
0.0
0.0
0.0
0.0625
0.125
0.3125
0.625
1.1875
2.0
3.25
4.9375
7.1875
10.1875
14.0625
0.0
0.0
0.0
0.0625
0.1875
0.3125
0.5625
1.0
1.75
2.75
4.0625
5.8125
8.25
11.1875
0.0
0.0
0.0
0.0625
0.125
0.3125
0.5
0.875
1.5
2.3125
3.4375
4.875
6.75
0.0
0.0
0.0
0.0625
0.0625
0.125
0.25
0.4375
0.8125
1.3125
2.0
2.9375
4.125
5.6875
0.0
0.0
0.0
0.0625
0.0625
0.125
0.25
0.4375
0.0
0.0
0.0
0.0
0.0
0.0
0.0
