1.999657374787358e-20
1.9312591922287023e-20
0.0
4.263962558887945e-21
1.1395810740474655e-20
1.0261759415435898e-20
1.287506128162329e-20
1.3409961106151374e-20
5.96237685399211e-21
9.99828687393679e-21
0.0
2.1319812794439723e-21
5.6979053702373276e-21
5.130879707717949e-21
6.437530640811645e-21
6.704980553075687e-21
2.981188426996055e-21
4.999143436968395e-21
0.0
6.237084474135865e-21
3.2187653204058225e-21
3.2187653204058225e-21
1.4905942134980274e-21
0.0
3.1185422370679326e-21
7.452971067490137e-22
0.0
8.673617379884035e-19
0.0
8.698297346287909e-09
1.1873142483076471e-08
1.6757679535683856e-08
1.7396594692575817e-08
7.991013791230905e-07
2.3975848834068003e-08
4.5631395884093706e-10
2.3746284966152942e-08
2.9464460146733096e-07
1.1268518975704467e-06
8.986960065016092e-10
3.351535907136771e-08
1.7333640739414236e-07
1.979276742503089e-09
1.317170139292223e-06
3.4793189385151635e-08
4.092606883221439e-06
4.1726814314912986e-07
7.349070574313998e-09
1.598202758246181e-06
1.4006810150624105e-07
1.694718587685884e-09
6.681953017007025e-07
4.6759494276571445e-08
1.0341975609229337e-09
2.4349348609620236e-07
3.435173348664833e-06
9.126279176818741e-10
1.0804424938060109e-07
1.8604378955178191e-06
9.618348403406252e-06
4.7492569932305884e-08
1.0377668856476063e-06
5.786404401020295e-06
2.123237435869285e-08
5.892892029346619e-07
3.5762115598858557e-06
8.570468112978347e-09
3.390169613370908e-07
2.2537037951408934e-06
3.6546830561867694e-09
1.9757111652252135e-07
1.45010778718202e-06
2.787700126294368e-09
1.1487731771397947e-07
9.445163723920125e-07
2.248312258590346e-09
6.611622083152469e-08
6.186881019720758e-07
3.370233980781734e-09
3.015058980260221e-08
3.466728147882847e-07
1.6070231028120219e-06
4.8595960218111856e-06
1.1532998909546954e-05
3.958553485006178e-09
1.0010369089208382e-08
1.5336168013302398e-07
8.149207166852079e-07
2.634340278584446e-06
6.5145879541983476e-06
1.3615236480912785e-05
3.335298370821249e-09
6.958637877030327e-08
4.1837013098344755e-07
1.4676440450722694e-06
3.8001846925928007e-06
8.185213766442878e-06
3.4745480936848594e-09
3.012502824972785e-08
2.1790241566677082e-07
8.345362862982597e-07
2.2737457285870732e-06
5.058837438176589e-06
2.1164554553365633e-09
1.4698141148627997e-08
1.1471056338141494e-07
4.825887612858182e-07
1.3864792814954896e-06
3.196405516492362e-06
1.971326213379143e-09
7.588969452854144e-09
5.801438562880179e-08
2.801362030124821e-07
8.557192976432759e-07
2.054280695440447e-06
4.205818163960373e-06
3.389437175371768e-09
3.1581046666673274e-08
1.6131976687816518e-07
5.334267763057454e-07
1.336390603401405e-06
2.8151448789870415e-06
1.8610194496559984e-09
1.5781557283212067e-08
9.351898855314289e-08
3.3592965897888405e-07
8.795776103021069e-07
1.9097736037032575e-06
2.0683951218458674e-09
4.056197711044263e-09
3.998530750948248e-08
1.6856031337386668e-07
4.869869721924047e-07
1.1323414813579902e-06
2.2696872384875277e-06
4.106645957624444e-06
6.870346697329666e-06
1.0842277487932428e-05
1.6317475199256748e-05
2.3634489065060826e-05
1.8252558353637482e-09
3.785932789490687e-09
1.272239236183026e-08
6.708979705116747e-08
2.1608849876120217e-07
5.445680026916477e-07
1.148325066591127e-06
2.1565724760419513e-06
3.7208757910356383e-06
6.0040858774756956e-06
9.202795028584454e-06
1.3537617707504168e-05
1.9236696806812503e-05
1.2112595371149837e-09
6.630056281764496e-09
2.4662680897513667e-08
9.498513986461177e-08
2.6184461665579306e-07
5.92763898299431e-07
1.163715494634232e-06
2.0755337712952127e-06
3.433339541447644e-06
5.370112772462576e-06
8.029855245506035e-06
1.157280880204059e-05
4.0314624971671265e-09
3.241112600527174e-09
1.15675847789376e-08
4.24647487173857e-08
1.2742619870387273e-07
3.0999521605235003e-07
6.362399812553932e-07
1.1785784058693238e-06
2.007527654002139e-06
3.214101685911075e-06
4.8912291998881585e-06
7.152423119771711e-06
1.0116921164149417e-05
1.07221975742533e-09
6.979268274420747e-09
1.7140936225956693e-08
6.232822657992187e-08
1.6060115326510527e-07
3.508711881039517e-07
6.780339226741816e-07
1.1892766276222488e-06
1.9527366134086677e-06
3.033096681148706e-06
4.507407590281787e-06
6.4637707229975305e-06
1.9695344244397006e-09
2.7855867612558427e-09
7.309366112373539e-09
2.998382275798406e-08
8.407529406007086e-08
1.9287414587676466e-07
3.951422330450427e-07
7.159983642646139e-07
1.2069137776959948e-06
1.916608498908623e-06
2.90021557436404e-06
4.219302154218063e-06
5.941890027560959e-06
2.7163257199092072e-09
5.575400252588736e-09
1.592681286854969e-08
4.2354516227582906e-08
1.0895711033409583e-07
2.2975463542795893e-07
4.3652742964805924e-07
7.527558231190667e-07
1.227164063366537e-06
1.889032744784025e-06
2.7929178153529577e-06
3.983211472546877e-06
3.3401751364792176e-09
4.496624517180692e-09
7.413813674084224e-09
2.1881146450297706e-08
6.069723834656315e-08
1.3223244166304937e-07
2.627933846088837e-07
4.705584399911089e-07
7.860600250708671e-07
1.2373762039441516e-06
1.8611897162346125e-06
2.6954393070877103e-06
0.0
6.355017401205032e-09
1.7332062159702843e-05
0.00011124335724943535
1.992766924807654e-06
2.2054207631683198e-05
6.753880320964356e-05
0.0001491077299240473
1.348832014969048e-07
2.502714723462418e-06
1.1225116907986887e-05
2.9563802291576735e-05
1.6513876488488677e-08
9.212301368144438e-05
2.7079471323077087e-06
0.0002055440928838692
1.842337881896583e-05
1.8917177690980225e-07
5.60554013162573e-05
3.4019839105781102e-06
2.3690066797144027e-08
1.536100111820815e-05
5.036914085820854e-07
4.068467731599412e-05
3.907295051064352e-06
3.1280507073461195e-08
1.1709331284137647e-05
0.00012795403219811874
3.650891322592997e-08
3.683773908136345e-06
5.7179907200222146e-05
0.0002865528160818087
1.017881453790892e-06
2.5445048137839876e-05
0.0001487658032370831
2.7463526031112906e-07
1.1099666883396253e-05
7.798644635848007e-05
4.9840993554539637e-08
4.616006028967945e-06
4.078262238849106e-05
4.768011052647125e-08
1.7814056949561063e-06
2.123129026188053e-05
9.704455495551656e-05
6.535899661486155e-07
1.0880114292177723e-05
5.67758896394821e-05
1.9980413945575037e-07
5.337126466997688e-06
3.2965449259236834e-05
1.2987096198457948e-07
2.153353808154179e-06
1.6238215611252826e-05
6.469114818230537e-05
0.0001794541124162663
0.0004038989119905523
1.4338609588548934e-07
5.29749026867421e-07
5.232958997680726e-06
2.558586365708493e-05
8.019782632118222e-05
0.00019513638449097925
0.0004029910797633818
1.8098178600212123e-07
1.434968755376076e-06
9.791730775532415e-06
3.559825579557696e-05
9.5174658049757e-05
0.00020913139028166938
7.774643151492455e-08
4.517735590070515e-07
3.506568038602609e-06
1.5565848993759346e-05
4.6341867534493986e-05
0.00010951921210633486
0.0002221377900504251
2.7206006336655264e-07
1.2329704901503646e-06
6.596939275738123e-06
2.242754354142562e-05
5.7386424391125956e-05
0.00012332503388279292
2.0608993622772687e-08
3.411986000401157e-07
2.5601438835565204e-06
1.052156753544864e-05
2.9935139163939084e-05
6.871738516522896e-05
0.00013654952043395951
1.473975466126376e-07
1.052119966260534e-06
4.805900807980379e-06
1.5196078969381688e-05
3.7939483586768574e-05
7.986959111150327e-05
1.659118957775263e-07
4.399167501389911e-07
1.9709439698090137e-06
7.5483050032687515e-06
2.0872058534848748e-05
4.6455935567735196e-05
1.9043819321495903e-07
2.2624906392820776e-07
6.192466699417309e-07
2.9465471840239843e-06
9.228986087350677e-06
2.2848988926682523e-05
4.825748491299464e-05
9.069327160560192e-05
0.00015640642928360649
0.00025247859892019164
0.0003870325585388912
0.0005692295193284735
0.0008088241057500056
1.1103431418746368e-07
8.408795437730987e-08
6.480598848668251e-07
2.230059564567455e-06
7.2794396501763e-06
1.7411290951230285e-05
3.58187338775906e-05
6.628459377466811e-05
0.00011272079338553453
0.00018016099145512499
0.00027446433881195276
0.00040115092532388985
0.0005673585993015706
5.103957079199972e-08
8.978123133829286e-08
4.3157713847108425e-07
2.0965728708688403e-06
5.844657493980776e-06
1.3728823791581135e-05
2.74821257271185e-05
5.002407898402339e-05
8.442495161276042e-05
0.00013394102256114593
0.00020239950240252824
0.0002945093335675608
0.00041452199383229527
5.7653569029980645e-08
2.4337666459928187e-07
4.852586883430376e-07
1.8380302932996528e-06
4.817276032298423e-06
1.0938774295254916e-05
2.1841364635122318e-05
3.9173214272381074e-05
6.537485527147169e-05
0.0001025928603191062
0.00015423301178429938
0.00022305806448130738
0.0003127325070124698
2.3027495643646034e-07
8.763437264747154e-08
4.002261349000946e-07
1.6817972756655308e-06
4.064412593152156e-06
8.93366524223893e-06
1.773413065464524e-05
3.115139402964928e-05
5.164712369420954e-05
8.05448726772795e-05
0.00012031918556232313
0.00017332319675489316
0.0002419852796222699
4.926961594264867e-08
1.1552794276781242e-07
5.749677107758089e-07
1.4690939345030074e-06
3.5953303445523943e-06
7.71606535820979e-06
1.4735121869335899e-05
2.5592030922894082e-05
4.1908511118293745e-05
6.497941451044653e-05
9.66251728016232e-05
0.00013832472564345721
0.00019229979275792175
1.504829683085518e-07
2.995203658429091e-07
5.751545728571728e-07
1.4193533317552465e-06
3.2069550428559523e-06
6.569071956619155e-06
1.2348238342951845e-05
2.1565781448629195e-05
3.4789668116985695e-05
5.347439713787594e-05
7.884599327567798e-05
0.00011234417342009806
1.5050661872351156e-07
2.007158883543525e-07
1.4298504424914427e-07
5.951371413459583e-07
1.2272478748798221e-06
2.8580345237116944e-06
5.8269730551785415e-06
1.0690360749521233e-05
1.821316450545396e-05
3.0517578125e-05
0.037817689473740757
0.04420176199346315
0.0024581743782619014
0.07573374698404223
0.4896491361432709
0.009383539349073544
0.011246425361605361
0.08648256000014953
0.2996248692215886
0.6907268940412905
1.2194342623406556
0.007427402451867238
0.010887656186241657
0.021773670858237892
4.297210565884598
0.14817961095832288
6.455842859228142
0.44687557261204347
0.02415956335607916
0.9746963840443641
0.047652284149080515
1.7372073011356406
0.11483346292516217
0.020959542132914066
0.2740790433017537
0.027899341424927115
0.5811184628400952
0.016893189400434494
0.8596522163134068
6.049085208156612
0.021397232776507735
0.17128353146836162
2.008951300755143
9.101075273647439
0.04081987007521093
0.6156932538724504
3.6363974568084814
0.00761008687550202
0.1713717239908874
1.3732464173808694
5.596602140809409
0.039753323362674564
0.46708109782775864
2.435168142663315
0.02419576939428225
0.1376228563603945
1.0290010736789554
0.031060106062795967
0.05228931596502662
0.39569085085531697
1.8050561301643029
0.007369891740381718
0.1270179760758765
0.8050121876876801
0.04152677778620273
0.07856432721018791
0.3075806988636032
1.2438538273563609
3.6236502833198756
8.542478072806261
17.30638692260254
0.062048300402238965
0.07506202475633472
0.27287189522758126
1.0471287679392844
2.8538751382147893
6.506159670418128
12.908505854080431
0.036447576130740345
0.03738176275510341
0.2808608221821487
0.9005040879128501
2.324522756971419
5.149618092691526
9.928765820688568
0.003191185533069074
0.08185483317356557
0.20901359582785517
0.7697236633393914
1.96870745846536
4.161945874337107
7.908050810801797
0.039709823904559016
0.043870735564269125
0.21905657893512398
0.6570649708155543
1.669073376688175
3.4841743843862787
0.021051304647699
0.045067169005051255
0.0934800225077197
0.22891522548161447
0.6127083738101646
1.4674221377354115
2.9410810061963275
0.027371857897378504
0.02547794720157981
0.09522774699144065
0.21214384655468166
0.5793654039734975
1.2956804076675326
2.554423058638349
0.02793325891252607
0.005092538194730878
0.08710989623796195
0.2304513972485438
0.5400298646418378
1.1522009389009327
2.2472089463844895
0.014452078263275325
0.026411548722535372
0.07357737759593874
0.1709208550164476
0.39144386525731534
0.866315801278688
1.7209060185123235
3.075425352435559
5.115672225714661
8.08175043121446
12.085040557081811
17.483308350434527
24.470012045348994
33.337136282003485
0.026936892536468804
0.008724805316887796
0.06118112045805901
0.1474438754376024
0.3526917404960841
0.7490864085266367
1.4313856181688607
2.471300974371843
4.005452656303532
6.230378344538622
9.215101052774116
13.111786021967418
18.183749949093908
0.0206881103804335
0.05719810945447534
0.0381697389530018
0.08134047104977071
0.17305899679195136
0.3686041592154652
0.6547216937178746
1.2035593043547124
2.060364479664713
3.268530279630795
4.964662044774741
7.244402693351731
10.24503524787724
14.06546482234262
0.052950937300920486
0.05314559768885374
0.043491327203810215
0.09592399001121521
0.18877795268781483
0.3491334223654121
0.6026373963104561
1.0360355607699603
1.7827839703531936
2.7645850400440395
4.115949310478754
5.855817997129634
8.251877509406768
11.195586351677775
0.041255731019191444
0.058883697958663106
0.04145842441357672
0.06328096298966557
0.13504839793313295
0.3288766739424318
0.5344941593939438
0.9312850796850398
1.5352457758272067
2.3518837246811017
3.448230740148574
4.890362456673756
6.792750968364999
0.055321418098174036
0.04388011526316404
0.008362737484276295
0.07283905101940036
0.1105296314926818
0.149777140468359
0.3097671668510884
0.49522327876184136
0.8261280916631222
1.359192686039023
2.0253710278775543
2.955832605715841
4.175306917750277
5.691375574329868
0.05710125190671533
0.012356644496321678
0.046336960047483444
0.08184814942069352
0.11050923669245094
0.18155724229291081
0.2815964570036158
0.4591119862161577
6048983870.375
522274533172.0
0.0
1044549066344.0
0.0
0.0
0.0
