9.929936647251614e-16
9.420361626183427e-16
8.881784197001252e-16
8.30810572248486e-16
7.691736787426851e-16
7.021564319559248e-16
6.280241084122284e-16
5.874613946341145e-16
5.438900198273533e-16
4.964968323625807e-16
4.440892098500626e-16
4.15405286124243e-16
3.8458683937134253e-16
3.510782159779624e-16
3.140120542061142e-16
2.9373069731705725e-16
2.7194500991367665e-16
2.4824841618129034e-16
2.220446049250313e-16
1.9229003155388225e-16
1.570060271030571e-16
1.570060271030571e-16
1.3597250495683832e-16
1.1102230246251565e-16
9.614501577694112e-17
6.798625247841916e-17
3.469446951953614e-18
8.673617379884035e-19
0
0.07088812021538615
0.1002509412355721
0.12278182618319988
0.1417762404307723
0.15851065702736378
0.17363972403109074
0.18755233753472567
0.2005018824711442
0.21266436111181974
0.2241679197177291
0.23510929755866528
0.24556365236639977
0.25559075362980366
0.26523905992507935
0.27454851008951664
0.2835524808615446
0.29227920807898045
0.3007528241723776
0.30899415351450443
0.31702131405472755
0.3248501792550087
0.33249475806951523
0.33996748365461826
0.3472794499248266
0.3544406034052372
0.36145990900695324
0.3683454804122448
0.37510467506945133
0.3817442115396261
0.38827022537589073
0.3946883510798216
0.4010037649422884
0.4072212502360344
0.4133452195674181
0.4193797782063484
0.4253287222236395
0.4311956036835909
0.43698372319340706
0.44269617088139057
0.4483358394354582
0.4539054408669472
0.45940752886235714
0.4648444913327694
0.4702185969799757
0.47553196735680103
0.4807866271585226
0.48598446883261204
0.4911273065954447
0.49621684290468693
0.5012547075748444
0.5062424391508102
0.5111815072596073
0.5160733088850975
0.5209191739559174
0.5257203690707684
0.5304781198501587
0.53519356995821
0.5398678444325924
0.5445019863545895
0.5490970201790333
0.5536539182066917
0.5581736192107201
0.5626570135354996
0.5671049617230892
0.5715182982385159
0.5758978128433228
0.5802442766726017
0.5845584161579609
0.5888409502804279
0.5930925719439983
0.5973139218986034
0.6015056483447552
0.6056683659553528
0.609802670776844
0.6139091327786446
0.6179883070290089
0.6220407299697399
0.6260669268667698
0.6300674006342888
0.6340426281094551
0.6379930824041367
0.641919232904911
0.6458215154707432
0.6497003585100174
0.6535561755299568
0.6573893837630749
0.6612003706395626
0.6649895161390305
0.668757189065218
0.6725037582218647
0.6762295737862587
0.6799349673092365
0.6836202777922153
0.6872858256101608
0.6909319311380386
0.6945588998496532
0.6981670223176479
0.701756589114666
0.7053278908133507
0.7088812068104744
0.7124167941510677
0.7159349210560322
0.7194358520209789
0.7229198180139065
0.7263870798051357
0.7298378720879555
0.7332724183797836
0.7366909608244896
0.7400937043130398
0.7434808798134327
0.746852695941925
0.7502093501389027
0.7535510621964931
0.7568780072033405
0.7601904012262821
0.7634884230792522
0.7667722590267658
0.7700420953333378
0.7732980996370316
0.7765404507517815
0.7797693274915218
0.7829848825931549
0.7861872836947441
0.7893767021596432
0.7925532795488834
0.795717179775238
0.7988685481250286
0.8020075298845768
0.8051342815160751
0.8082489296793938
0.8113516233861446
0.8144425004720688
0.8175216838717461
0.8205893225967884
0.8236455284059048
0.8266904391348362
0.8297241814434528
0.832746859639883
0.8357586190104485
0.8387595564126968
0.8417497910559177
0.8447294495999813
0.847698625177145
0.850657444447279
0.8536060079932213
0.85654441639781
0.8594727851450443
0.8623912073671818
0.8652997836470604
0.8681986220180988
0.8710878044366837
0.8739674463868141
0.8768376260995865
0.8796984404325485
0.882549986243248
0.8853923417627811
0.8882256038486958
0.891049861907959
0.8938651867210865
0.8966716788709164
0.8994694165885448
0.9022584706544876
0.9050389379262924
0.9078108817338943
0.9105743952095509
0.9133295454084873
0.9160764031112194
0.9188150577247143
0.9215455651283264
0.9242680072784424
0.9269824624061584
0.9296889826655388
0.9323876537382603
0.9350785352289677
0.9377616867423058
0.9404371939599514
0.9431051015853882
0.9457654878497124
0.948418416082859
0.9510639347136021
0.953702125698328
0.9563330337405205
0.9589567184448242
0.9615732543170452
0.9641826786100864
0.9667850695550442
0.9693804681301117
0.9719689376652241
0.9745505340397358
0.9771253056824207
0.979693315923214
0.9822546131908894
0.9848092421889305
0.9873572699725628
0.9898987300693989
0.9924336858093739
0.9949621856212616
0.9974842704832554
1.0
3.162277653813362
3.869738295674324
4.46651417016983
4.992456614971161
5.468043327331543
5.905452728271484
6.31262594461441
6.695081800222397
7.056840300559998
7.400937050580978
7.7297311425209045
8.045099020004272
8.34856230020523
8.641375303268433
8.924586296081543
9.19908231496811
9.465621531009674
9.724858105182648
9.97736132144928
10.223630130290985
10.46410471200943
10.699175715446472
10.929191887378693
11.154465973377228
11.375279545783997
11.591887593269348
11.80452173948288
12.013392865657806
12.218693912029266
12.420602142810822
12.619280099868774
12.814878284931183
13.007535517215729
13.197380542755127
13.38453322649002
13.569104790687561
13.751199126243591
13.93091356754303
14.10833889245987
14.283560454845428
14.456658482551575
14.627708196640015
14.796780824661255
14.963943302631378
15.129258751869202
15.292787432670593
15.454585790634155
15.61470764875412
15.77320420742035
15.930123805999756
16.08551263809204
16.23941469192505
16.39187216758728
16.542924165725708
16.692609786987305
16.840964794158936
16.98802399635315
17.133821725845337
17.278388738632202
17.42175602912903
17.563953638076782
17.70500898361206
17.8449490070343
17.983800649642944
18.121588468551636
18.258336067199707
18.39406728744507
18.528804302215576
18.66256833076477
18.79538083076477
18.927260875701904
19.058228492736816
19.188302755355835
19.317500591278076
19.44584012031555
19.573338508605957
19.700011491775513
19.82587504386902
19.950944900512695
20.07523536682129
20.198760986328125
20.32153606414795
20.443573474884033
20.564886808395386
20.68548893928528
20.805391550064087
20.924607276916504
21.043148040771484
21.16102409362793
21.278247356414795
21.39482879638672
21.510777950286865
21.626105308532715
21.740821599960327
21.85493493080139
21.968456268310547
22.081393480300903
22.193756103515625
22.30555295944214
22.416792154312134
22.52748155593872
22.637630224227905
22.74724531173706
22.856335401535034
22.964906692504883
23.072967052459717
23.18052363395691
23.287583589553833
23.39415407180786
23.500240802764893
23.60585045814514
23.71099019050598
23.81566548347473
23.919882774353027
24.023648500442505
24.126967430114746
24.229846000671387
24.332289218902588
24.434303045272827
24.535893201828003
24.637064218521118
24.737821340560913
24.838169813156128
24.938114166259766
25.037659883499146
25.13681149482727
25.235573530197144
25.333950757980347
25.431946992874146
25.529566764831543
25.62681531906128
25.723695993423462
25.820213317871094
25.91637134552002
26.012173414230347
26.107624292373657
26.20272707939148
26.297486066818237
26.391905546188354
26.485987663269043
26.579736948013306
26.67315673828125
26.766250371932983
26.859021186828613
26.951473474502563
27.043608903884888
27.13543176651001
27.22694492340088
27.318151473999023
27.40905499458313
27.49965739250183
27.589962482452393
27.679972887039185
27.769691467285156
27.859121322631836
27.948265314102173
28.03712558746338
28.125705242156982
28.214006185531616
28.302031993865967
28.389785051345825
28.477267742156982
28.56448221206665
28.651431560516357
28.738117218017578
28.824542760849
28.910709857940674
28.996620893478394
29.08227825164795
29.167683839797974
29.25283980369568
29.337749004364014
29.422412872314453
29.506834268569946
29.591014623641968
29.67495608329773
29.758660793304443
29.842130661010742
29.92536759376526
30.008374214172363
30.091151475906372
30.173701524734497
30.25602626800537
30.338127851486206
30.420007705688477
30.501668214797974
30.583110332489014
30.66433596611023
30.745347261428833
30.82614541053772
30.90673303604126
30.987110376358032
31.067279815673828
31.1472430229187
31.227001428604126
31.306556940078735
31.385910511016846
31.46506404876709
31.544018983840942
31.6227765083313
1000.0
70895.125
100255.8671875
122785.828125
141779.734375
158513.71875
173642.546875
187554.890625
200504.21875
212666.671875
224170.0625
235111.296875
245565.515625
255592.625
265240.6875
274550.40625
283554.15625
292280.6875
300754.125
308995.6875
317022.6875
324851.375
332496.1875
339968.75
347280.5625
354441.9375
361461.09375
368346.53125
375105.59375
381745.34375
388271.5625
394689.21875
401004.84375
407222.53125
413346.0625
419380.8125
425329.9375
431196.40625
436984.71875
442697.34375
448336.59375
453906.40625
459408.09375
464845.21875
470219.5
475532.5
480787.34375
485985.34375
491127.8125
496217.53125
501255.5625
506242.9375
511182.1875
516074.15625
520919.65625
525721.0
530478.4375
535194.5
539868.4375
544502.25
549097.9375
553654.5
558173.875
562657.9375
567105.5625
571518.5625
575898.6875
580244.875
584558.6875
588841.8125
593093.125
597314.1875
601506.5
605668.9375
609802.9375
613909.9375
617988.875
622041.0
626067.75
630067.9375
634042.875
637993.875
641919.75
645821.75
649701.125
653556.6875
657389.625
661201.125
664990.0
668757.4375
672504.5
676230.0625
679935.1875
683621.0
687286.3125
690932.1875
694558.875
698167.5
701756.8125
705327.875
708881.6875
712417.0
715934.875
719436.3125
722920.0625
726387.0625
729838.3125
733272.625
736690.9375
740094.125
743481.8125
746853.375
750209.8125
753551.25
756878.0
760190.125
763489.3125
766772.9375
770042.5
773298.3125
776540.4375
779769.0625
782985.75
786187.9375
789377.125
792553.5
795717.125
798868.3125
802007.0625
805134.875
808249.3125
811351.8125
814442.5
817521.4375
820588.875
823646.125
826690.8125
829724.375
832746.8125
835758.375
838759.125
841750.375
844729.8125
847698.8125
850657.4375
853605.75
856544.0
859473.375
862391.5625
865299.9375
868198.625
871087.5625
873967.0
876838.1875
879698.8125
882550.1875
885392.3125
888225.375
891049.4375
893865.75
896672.0625
899469.5625
902258.4375
905038.75
907810.5
910574.9375
913329.875
916076.5625
918815.0625
921545.375
924267.625
926983.0
929689.3125
932387.8125
935078.5
937761.5
940436.8125
943105.625
945765.8125
948418.5625
951063.9375
953701.9375
956332.625
958957.25
961573.5625
964182.8125
966785.0625
969380.25
971968.5625
974551.0625
977125.625
979693.5
982254.5625
984809.0625
987356.875
989899.25
992434.0
994962.3125
997484.25
999999.8125
1014866412306432.0
2.547568441556992e+16
3.602879701896397e+16
5.095136883113984e+16
7.205759403792794e+16
1.4411518807585587e+17
2.8823037615171174e+17
