1.999657374787358e-20
1.9312591922287023e-20
0.0
4.263962558887945e-21
1.1395810740474655e-20
1.0261759415435898e-20
1.287506128162329e-20
1.3409961106151374e-20
5.96237685399211e-21
9.99828687393679e-21
0.0
2.1319812794439723e-21
5.6979053702373276e-21
5.130879707717949e-21
6.437530640811645e-21
6.704980553075687e-21
2.981188426996055e-21
4.999143436968395e-21
0.0
6.237084474135865e-21
3.2187653204058225e-21
3.2187653204058225e-21
1.4905942134980274e-21
0.0
3.1185422370679326e-21
7.452971067490137e-22
0.0
8.673617379884035e-19
0.0
3.163941747486021e-10
2.3161030038298946e-10
-6.12680739475735e-12
6.327883494972042e-10
-9.047124716055066e-10
-2.3853810593443825e-10
4.5631395884093706e-10
4.6322060076597893e-10
3.4666788883974675e-10
-4.841771428232278e-11
-3.2626568113869325e-11
-1.22536147895147e-11
1.1040851566335164e-10
1.166315932721318e-10
2.8001878593642004e-10
1.2655766989944084e-09
3.754903610264648e-10
3.5629721395480374e-11
-1.0151002260982978e-10
-1.8094249432110132e-09
-1.4929298353116849e-09
-1.6792656154507313e-10
-4.943068732110589e-10
-1.6692796034334378e-09
-8.284475883080233e-10
1.3496166961779466e-09
-1.4069516662829074e-09
9.126279176818741e-10
1.0830725205579483e-11
1.5180365853240119e-09
-3.51147222410475e-10
9.264412015319579e-10
-1.5891076232676937e-09
1.028567508942757e-09
-1.1193674320786329e-09
6.933357776794935e-10
-6.71266375817936e-11
-7.427576331764385e-10
1.5544177056625585e-11
-9.683542856464555e-11
1.7920379069558123e-09
-1.7319144451910518e-09
9.698610803354768e-10
-9.375901721675461e-10
1.2559636108910865e-09
-1.7073634173137009e-09
3.8566710935938886e-10
-9.390045407897674e-10
2.8991242739806466e-10
-3.550563176801802e-10
3.4826741490689983e-10
2.2081703132670327e-10
-2.3023061235249997e-09
-1.9078176816123005e-09
3.225435807330257e-09
2.332631865442636e-10
2.5597884922845537e-09
-3.1005124023764097e-09
-9.178586779512443e-10
5.600375718728401e-10
2.7805124869217934e-09
-6.995599655112983e-10
-3.8999192764066493e-10
2.5311533979888168e-09
1.1376175557131774e-09
-1.2033252172471975e-10
-3.336702136813585e-09
7.509807220529297e-10
3.4745480936848594e-09
-3.402584436429379e-09
-1.8897119424821085e-09
7.125944279096075e-11
1.3186465253056667e-09
-1.0678713469047807e-10
-1.6088348431253507e-09
-2.0302004521965955e-10
2.951854427557521e-09
2.0263127842312656e-09
-3.0539998308043437e-09
-3.6188498864220264e-09
1.971326213379143e-09
1.383888559303159e-10
-1.590259146588835e-09
-2.9858596706233698e-09
2.627819295497602e-09
1.6457409879322427e-09
-3.4583003127863776e-11
-3.3585312309014625e-10
1.7787242789779611e-09
1.132284044302878e-09
-3.0150266727702046e-09
-9.886137464221179e-10
-1.1745866501655655e-09
1.8610194496559984e-09
8.803960893644103e-10
-3.3385592068668757e-09
-3.0717581811501304e-09
4.0909986509518603e-10
2.4249708907575496e-09
-1.6568951766160467e-09
3.3090741258234857e-10
2.732404524863341e-09
-2.80304035538137e-09
2.699233392355893e-09
-1.467693744316989e-10
-2.739843574239842e-09
1.3760487194147686e-09
-2.8139033325658147e-09
1.6827194082580377e-09
7.036919935643482e-10
-2.477878680018364e-09
1.8252558353637482e-09
-3.6646478074331412e-09
1.546521466444517e-09
3.45716788530126e-11
2.1661450411158967e-11
6.756191162082814e-10
-2.789635633604348e-09
-3.706067674968949e-10
3.0360731706480237e-09
-1.0820836449099147e-09
1.3279913835262391e-09
3.638053192034363e-09
-7.0229444482095e-10
1.2112595371149837e-09
-8.205243151593322e-10
-1.4143511917197316e-09
1.8528824030639157e-09
-2.6509945350028374e-09
4.4274084398665536e-10
1.4249215141148852e-09
-3.1782152465353875e-09
2.3471765642213427e-09
-1.7558379195037332e-09
1.8546523206097731e-09
2.057135017885514e-09
-3.4191180997567017e-09
3.241112600527174e-09
-3.3335764149100555e-09
-2.2387348641572657e-09
7.663285561676503e-10
-2.92916901845075e-09
2.9406305168677704e-09
1.386671555358987e-09
-4.038168688325072e-10
2.901448636905002e-09
-7.69619923346454e-11
-1.342532751635872e-10
2.758003825320543e-09
-2.653070541036584e-09
3.2539779759588328e-09
-1.485515266352877e-09
-1.0017084939306642e-09
4.136704312429629e-10
-3.031390249930155e-09
3.108835411325117e-11
9.090224128982527e-10
-3.0407932838372176e-09
7.103782007078507e-10
-1.936708571292911e-10
-3.3332351323522857e-09
1.9695344244397006e-09
-9.397035372060714e-10
3.5840758139116247e-09
1.8150037028874522e-10
-1.6063828045531636e-09
2.8843406552070405e-09
-3.4638288903821035e-09
7.426269599264401e-10
3.645011292796596e-09
-1.9160047992627938e-09
1.9397221606709536e-09
-1.4517539392855383e-09
-3.6732887842561013e-09
2.7163257199092072e-09
-1.8751803443350923e-09
1.0256516747020328e-09
1.376322944501851e-09
-2.8015986197615916e-09
2.511927221782173e-09
-3.0568255704466196e-09
-3.4781074687018076e-09
1.5435551725673236e-09
-3.4147268346274018e-09
2.675381804984056e-09
-2.849146807371028e-09
-3.8511516198269646e-10
7.713342187187777e-10
-3.676692283960392e-11
3.2546949579881357e-09
1.0925935711725288e-09
-1.8780090815795347e-09
2.0230637165497e-09
-2.5534279135541738e-09
2.3772095403273852e-11
5.798248547961293e-10
-1.4554329963445412e-09
2.054421299746423e-09
0.0
6.355017401205032e-09
-1.2889469935828402e-08
-8.71222383125314e-09
-3.988675167931888e-09
-2.9313257599028475e-08
6.7406791259827514e-09
-2.3091303980038447e-08
1.5673911946123553e-08
-6.803571039881717e-10
1.9443690213449827e-08
-1.0151701701488491e-10
1.6513876488488677e-08
-2.5767141309529507e-08
-3.386652736026008e-08
2.727769832233662e-08
5.543583370126726e-09
-4.924680219176025e-08
-3.25694173852753e-08
4.519158380844601e-09
2.3690066797144027e-08
-1.699723384263052e-08
2.6854250378960387e-08
3.430957917771593e-08
-2.6611504111428985e-08
-2.832413770192943e-08
2.6820908161084844e-08
-1.7140134644932914e-08
-2.3095731549460652e-08
4.7890576837517074e-08
-4.055178415285354e-08
3.328864650598007e-08
4.602492609251385e-09
-6.135181251920585e-09
5.2214522483495784e-08
-2.3387963565824066e-08
-4.6401689601793805e-08
2.357099226912851e-08
-9.763651220850988e-09
2.644838126286686e-08
1.3045362123875748e-08
-1.1924534248919372e-08
5.287099646977822e-08
1.2036721841468534e-08
-5.141138359476827e-08
5.754351839470928e-08
-2.753570171876163e-08
-2.7336831465163414e-08
2.09902051295785e-08
-2.7291562787468138e-08
4.080698445818598e-09
1.2987096198457948e-07
7.586596240116705e-09
-2.1266634675498608e-07
7.971324578193162e-08
-7.507764721026433e-08
-2.2057958659615906e-07
1.4338609588548934e-07
-1.8550671043726652e-07
-1.2249742553649412e-08
7.507569321774099e-08
-1.4923483604434296e-07
-1.2843179320043419e-07
6.36810817411515e-08
-5.7436793099441275e-08
-2.3396129833486157e-07
1.6569032368352055e-08
-1.6453106965741426e-07
-1.927735908680006e-07
3.82964095990701e-08
-1.6067214758663795e-07
-2.5063599196073483e-08
1.687079311807338e-07
-1.6977722694377917e-07
8.866318879086066e-08
8.508429871767476e-08
-6.832567223113983e-08
3.364148426499014e-08
4.087759464255214e-08
-7.878093910562711e-08
1.6197105878745788e-08
1.659654067509564e-07
-1.7579009181645233e-07
2.0608993622772687e-08
1.0278002093855321e-07
-6.246048656066705e-08
3.115005497988932e-08
1.3281677624377153e-07
-1.8558419512260116e-07
1.7409318786576478e-07
1.473975466126376e-07
-1.3997292924727844e-07
3.7529225949128886e-08
1.7570848598325028e-07
-2.0748906948142576e-07
2.3778569158139362e-07
-7.25066833240362e-08
-3.692040806413388e-08
6.359533699651365e-08
-8.108952798124847e-08
-1.0877642608875249e-07
2.0273122203207095e-07
1.9043819321495903e-07
2.2624906392820776e-07
-9.600906736295656e-08
-1.528943442963282e-07
1.6908008149130183e-07
1.9922391203408552e-07
9.693193447901649e-08
-1.442070320933908e-07
-2.3457718612007739e-07
-6.676348363043871e-09
7.920465705524293e-08
1.2437101304385578e-07
1.0828543750562858e-07
-1.2738426491409882e-07
-1.5433062472425263e-07
-6.719585243786241e-08
8.42923526533923e-08
1.2688227712942535e-07
6.734676816222418e-09
-1.824715667453347e-07
-2.341897946678273e-07
-5.1194529504527964e-08
1.549642334452983e-07
4.455426605431967e-08
1.3087527506172592e-07
-7.761896014812919e-08
-1.8737900830956278e-07
-1.4863734776326964e-07
1.9315855936952175e-07
1.8922423805634025e-07
1.2261159554327605e-07
-9.945379630948992e-08
-1.7442944866274956e-07
-4.382262730473485e-08
2.4774610807298814e-08
1.881996851693657e-07
2.2054732440324187e-07
-1.7603020197043406e-07
-8.791522532192175e-08
-1.8076501007158186e-07
4.958085497719367e-09
8.421530139912647e-09
1.6910023958871534e-07
-1.8951412883438934e-07
-2.848034341695893e-08
1.4527393688013035e-07
7.25672997248239e-08
4.8164597643562956e-08
-1.6554727366724364e-07
-2.3808894411558867e-08
-1.0172555775511682e-07
1.6574981032135838e-07
2.3027495643646034e-07
8.763437264747154e-08
-7.661102330303038e-08
-2.2555135714696917e-07
-2.2712183067596925e-07
1.1217781548111816e-07
9.115580112961652e-08
1.5697874644615695e-07
-8.970797082952231e-08
-4.060705904862516e-08
-8.219688396593483e-08
2.313083271587857e-07
2.2884041328552485e-07
4.926961594264867e-08
-1.2289063633375008e-07
-1.4028802652887862e-07
-1.998361192079301e-07
1.9051658028956808e-08
8.667082695978934e-08
1.9158854414058624e-07
-1.5717562007466768e-07
-5.315880358125469e-08
-1.08857584280031e-07
6.564826549038116e-08
4.1949764550963664e-08
1.344180020623753e-07
-8.793561079301071e-08
-1.7731679236021591e-07
-1.4010116444751475e-07
2.2726043624743397e-07
1.0751351453563984e-07
1.3177032087696716e-07
-4.952777032940503e-08
-1.3030924961299206e-07
2.1897414725913222e-07
6.863541912593973e-08
1.6786217216235855e-07
-1.8939591583944093e-07
-8.791196037805094e-08
-3.770269074721e-08
1.4298504424914427e-07
1.182999831428333e-07
3.515497937200962e-08
-2.988425507055581e-09
-1.3349142236052103e-07
-3.847531004907978e-08
9.335249373521037e-08
0.0
0.0065676894737407565
0.005139261993463151
0.0024581743782619014
0.013233746984042227
0.00527413614327088
0.009383539349073544
0.011246425361605361
0.008357560000149533
0.0027498692215885967
0.0032268940412905067
0.0006842623406555504
0.007427402451867238
0.010887656186241657
0.021773670858237892
0.0159605658845976
0.023179610958322883
0.018342859228141606
0.00937557261204347
0.02415956335607916
0.005946384044364095
0.016402284149080515
0.01845730113564059
0.021083462925162166
0.020959542132914066
0.0240790433017537
0.027899341424927115
0.018618462840095162
0.016893189400434494
0.015902216313406825
0.01783520815661177
0.021397232776507735
0.015033531468361616
0.008951300755143166
0.007325273647438735
0.009569870075210929
0.02194325387245044
0.011397456808481365
0.00761008687550202
0.015121723990887403
0.02949641738086939
0.0028521408094093204
0.008503323362674564
0.02958109782775864
0.02891814266331494
0.02419576939428225
0.012622856360394508
0.029001073678955436
0.031060106062795967
0.021039315965026617
0.020690850855316967
0.023806130164302886
0.007369891740381718
0.002017976075876504
0.023762187687680125
0.04152677778620273
0.016064327210187912
0.057580698863603175
0.05635382735636085
0.0611502833198756
0.04247807280626148
0.056386922602541745
0.062048300402238965
0.012562024756334722
0.022871895227581263
0.047128767939284444
0.04137513821478933
0.006159670418128371
0.03350585408043116
0.036447576130740345
0.03738176275510341
0.030860822182148695
0.025504087912850082
0.012022756971418858
0.024618092691525817
0.053765820688568056
0.003191185533069074
0.019354833173565567
0.02151359582785517
0.01972366333939135
0.031207458465360105
0.03694587433710694
0.033050810801796615
0.039709823904559016
0.043870735564269125
0.03155657893512398
0.03206497081555426
0.0440733766881749
0.04667438438627869
0.021051304647699
0.045067169005051255
0.030980022507719696
0.04141522548161447
0.05020837381016463
0.029922137735411525
0.0035810061963275075
0.027371857897378504
0.02547794720157981
0.032727746991440654
0.02464384655468166
0.01686540397349745
0.04568040766753256
0.054423058638349175
0.02793325891252607
0.005092538194730878
0.024609896237961948
0.0429513972485438
0.040029864641837776
0.02720093890093267
0.059708946384489536
0.014452078263275325
0.026411548722535372
0.011077377595938742
0.045920855016447604
0.016443865257315338
0.053815801278688014
0.0334060185123235
0.012925352435559034
0.05317222571466118
0.01925043121445924
0.02254055708181113
0.0458083504345268
0.032512045348994434
0.024636282003484666
0.026936892536468804
0.008724805316887796
0.06118112045805901
0.0224438754376024
0.040191740496084094
0.06158640852663666
0.056385618168860674
0.03380097437184304
0.005452656303532422
0.042878344538621604
0.027601052774116397
0.04928602196741849
0.05874994909390807
0.0206881103804335
0.05719810945447534
0.0381697389530018
0.018840471049770713
0.04805899679195136
0.05610415921546519
0.029721693717874587
0.016059304354712367
0.060364479664713144
0.01853027963079512
0.027162044774740934
0.056902693351730704
0.05753524787724018
0.0029648223426193
0.052950937300920486
0.05314559768885374
0.043491327203810215
0.03342399001121521
0.0012779526878148317
0.036633422365412116
0.0401373963104561
0.036035560769960284
0.03278397035319358
0.014585040044039488
0.05344931047875434
0.04331799712963402
0.0018775094067677855
0.008086351677775383
0.041255731019191444
0.058883697958663106
0.04145842441357672
0.0007809629896655679
0.010048397933132946
0.016376673942431808
0.034494159393943846
0.05628507968503982
0.03524577582720667
0.03938372468110174
0.010730740148574114
0.015362456673756242
0.0427509683649987
0.055321418098174036
0.04388011526316404
0.008362737484276295
0.010339051019400358
0.0480296314926818
0.024777140468358994
0.059767166851088405
0.05772327876184136
0.013628091663122177
0.0466926860390231
0.025371027877554297
0.018332605715841055
0.050306917750276625
0.003875574329867959
0.05710125190671533
0.012356644496321678
0.046336960047483444
0.019348149420693517
0.04800923669245094
0.056557242292910814
0.0315964570036158
0.021611986216157675
6048983870.375
522274533172.0
0.0
1044549066344.0
0.0
0.0
0.0
