10000000000000000000000000000000
10000000000000000000000000000000
00000000000000110000111100011011
00000000000000110000011111000011
00000000000000110000000000000000
00000000000000101110111101110111
00000000000000101101110110110011
00000000000000101100101001100010
00000000000000101011010100000100
00000000000000101010100101010011
00000000000000101001110011000100
00000000000000101000111100011011
00000000000000101000000000000000
00000000000000100110111101110111
00000000000000100101110110110011
00000000000000100100101001100010
00000000000000100011010100000100
00000000000000100010100101010011
00000000000000100001110011000100
00000000000000100000111100011011
00000000000000100000000000000000
00000000000000011110111011011001
00000000000000011101101010000010
00000000000000011101101010000010
00000000000000011100111001100010
00000000000000011100000000000000
00000000000000011010111011011001
00000000000000011000111001100010
00000000000000001100000000000000
00000000000000001000000000000000
00000000000000000000000000000000
00100001000100101101110010010101
00100100110101010000010111000000
00100111101101110101000001111000
00101001000100101101110010010101
00101010001001010000011010000111
00101011000111001110100110110000
00101100000000001101101110000101
00101100110101010000010111000000
00101101100111000100100110111111
00101110010110001011111110101101
00101111000011000000011111011101
00101111101101110101000001111000
00110000001011011100110001001100
00110000011111001101011010011111
00110000110010010001011100110010
00110001000100101101110010010101
00110001010110100101000101011000
00110001100111111100001110000011
00110001111000110100011110110001
00110010001001010000011010000111
00110010011001010010101111101000
00110010101000111100110000001011
00110010111000010000001000010110
00110011000111001110100110110001
00110011010101111001001111010001
00110011100100010001001111011101
00110011110010010111010101000001
00110100000000001101101110000101
00110100001101110011111101101001
00110100011011001011000111001000
00110100101000010011010101001011
00110100110101010000010111000000
00110101000001111111001010101110
00110101001110100001001110011111
00110101011010111000111100011000
00110101100111000100100110111111
00110101110011000101001100111001
00110101111110111100010101000101
00110110001010101001000001110011
00110110010110001011111110101101
00110110100001100110010010110011
00110110101100110111011100000000
00110110110111111111111010000100
00110111000011000000011111011101
00110111001101111000111010010100
00110111011000101001100010100111
00110111100011010010111101001100
00110111101101110101000001111001
00110111111000010000000011011001
00111000000001010010001110100111
00111000000110011001000110100100
00111000001011011100110001001100
00111000010000011101010001100110
00111000010101011010101000111111
00111000011010010100110110101100
00111000011111001101011010011111
00111000100100000010011100100000
00111000101000110100110001001101
00111000101101100100011011011100
00111000110010010001011100110010
00111000110110111011110101100010
00111000111011100011100100101111
00111001000000001010010010100011
00111001000100101101110010010101
00111001001001001110111111101111
00111001001101101101111100010110
00111001010010001010101000111100
00111001010110100101000101011000
00111001011010111110010001111101
00111001011111010100111010011010
00111001100011101001100011010000
00111001100111111100001110000011
00111001101100001100111011101110
00111001110000011011101100100100
00111001110100101001001001100001
00111001111000110100011110110001
00111001111100111110000011011101
00111010000001000101111001000000
00111010000101001100000000011001
00111010001001010000011010000111
00111010001101010011100000111100
00111010010001010100110100011000
00111010010101010100100011100001
00111010011001010010101111101000
00111010011101001111011001101101
00111010100001001010100010010100
00111010100101000100001001101110
00111010101000111100110000001011
00111010101100110011101010110101
00111010110000101001001100100010
00111010110100011101010110001010
00111010111000010000001000010110
00111010111100000001100011011101
00111010111111110001111101101100
00111011000011100000111010100000
00111011000111001110100110110001
00111011001010111011000011010100
00111011001110100110010000110010
00111011010010010000001111100110
00111011010101111001001111010001
00111011011001100000111100100110
00111011011101000111100000100011
00111011100000101100111011111101
00111011100100010001001111011101
00111011100111110100011011011111
00111011101011010110100000011000
00111011101110110111011110001110
00111011110010010111010101000001
00111011110101110110000100100001
00111011111001010011101100011001
00111011111100110000001100000111
00111100000000001101101110000101
00111100000011101000101110001101
00111100000111000010110000011010
00111100001010011011110101010111
00111100001101110011111101101001
00111100010001001011001001101011
00111100010100100001011001110100
00111100010111110110101110010001
00111100011011001011000111001000
00111100011110011110100100011011
00111100100001110001000110000010
00111100100101000010101011101101
00111100101000010011010101001011
00111100101011100100110001011001
00111100101110110100000111101110
00111100110010000010101001011100
00111100110101010000010111000000
00111100111000011101010000110101
00111100111011101001010111001111
00111100111110110100101010011111
00111101000001111111001010101110
00111101000101001000111000000101
00111101001000010001110010100011
00111101001011011001111010000100
00111101001110100001001110011111
00111101010001101000110011011011
00111101010100101110111001011111
00111101010111110100010001101010
00111101011010111000111100011000
00111101011101111100111001111111
00111101100001000000001010110011
00111101100100000010101111000101
00111101100111000100100110111111
00111101101010000101110010101011
00111101101101000110010010001101
00111101110000000110000101101000
00111101110011000101001100111001
00111101110110000011100111111011
00111101111001000010010000111100
00111101111011111111100111000011
00111101111110111100010101000101
00111110000001111000011011010011
00111110000100110011111010000001
00111110000111101110110001011101
00111110001010101001000001110011
00111110001101100010101011001110
00111110010000011011101101110011
00111110010011010100001001100111
00111110010110001011111110101101
00111110011001000011001101000011
00111110011011111010011010010100
00111110011110110000101000011011
00111110100001100110010010110011
00111110100100011011011001101101
00111110100111001111111101011010
00111110101010000011111110001000
00111110101100110111011100000000
00111110101111101010010111010000
00111110110010011100101111111101
00111110110101001110100110001101
00111110110111111111111010000100
00111110111010110000101011100100
00111110111101100000111010101101
00111111000000010001001001100110
00111111000011000000011111011101
00111111000101101111010101011100
00111111001000011101101011110011
00111111001011001011100010101100
00111111001101111000111010010100
00111111010000100101110010110011
00111111010011010010001100010011
00111111010101111110000110110111
00111111011000101001100010100111
00111111011011010100011111100100
00111111011101111110111101110001
00111111100000101001010100010111
00111111100011010010111101001100
00111111100101111100001001001011
00111111101000100100111000100000
00111111101011001101001011010110
00111111101101110101000001111001
00111111110000011100011100010000
00111111110011000011011010100100
00111111110101101001111100111010
00111111111000010000000011011001
00111111111010110101101110000100
00111111111101011010111100111110
01000000000000000000000000000000
01001100101001100010110000011101
01001111011110101001100000100001
01010000111011101100110001011101
01010001111111000010001100000011
01010010111011111010000001111011
01010011110011111000111010100110
01010100100111111111110011110110
01010101011000111110000110111111
01010110000111010001100111011000
01010110110011010100011000100111
01010111011101011001101101110010
01011000000010111000101110011100
01011000010110010011010101010111
01011000101001000011000011111110
01011000111011001010010000111000
01011001001100101111010111011010
01011001011101110011001011110101
01011001101110011000110010100000
01011001111110100011010000100001
01011010001110010011111111010011
01011010011101101100111010001111
01011010101100101111110100100110
01011010111011011101110011011011
01011011001001111000101011010011
01011011011000000001001001010001
01011011100101111000010100101110
01011011110011011110110011000000
01011100000000110110110110110110
01011100001101111111110000010110
01011100011010111010100011010101
01011100100111100111011001011101
01011100110100001001101111001100
01011101000000011110110000101110
01011101001100100111110111001001
01011101011000100111000011000000
01011101100100011011000000011111
01011101110000000100100101111010
01011101111011100101000001011001
01011110000110111011101111001100
01011110010010001001010010111111
01011110011101001110011110010001
01011110101000001011000101011111
01011110110010111111100001110000
01011110111101101011111010100000
01011111001000010001011100010000
01011111010010101111001101100111
01011111011101000101110000000011
01011111100111010101110101111000
01011111110001011111000001011100
01011111111011100001101001101111
01100000000001010111100100001010
01100000000011110101001010001001
01100000000110010001010000101010
01100000001000101011111000110110
01100000001011000101000011000111
01100000001101011100101110111111
01100000001111110011101111001001
01100000010010001001000010000110
01100000010100011101000100001001
01100000010110101111110110100010
01100000011001000001011010000000
01100000011011010001101110101011
01100000011101100000110100001011
01100000011111101111011010010110
01100000100001111100100000010100
01100000100100001000100001101011
01100000100110010011011111010000
01100000101000011101011001011110
01100000101010100110010000011000
01100000101100101110011110000100
01100000101110110101100000111100
01100000110000111011100111110110
01100000110011000000110011100101
01100000110101000101000100101100
01100000110111001000011011011010
01100000111001001010110111110000
01100000111011001100110011111100
01100000111101001101101100011110
01100000111111001101110000101100
01100001000001001101000001001010
01100001000011001011011110010000
01100001000101001001001000000110
01100001000111000110001110000010
01100001001001000010011100011010
01100001001010111101111100000010
01100001001100111000101101011101
01100001001110110010110001000111
01100001010000101100000111001111
01100001010010100100101111111100
01100001010100011100111011001110
01100001010110010100010011011011
01100001011000001011000010000010
01100001011010000001000111011101
01100001011011110110100011111111
01100001011101101011010111110011
01100001011111011111101100101111
01100001100001010011010110001011
01100001100011000110011001111000
01100001100100111000111000001110
01100001100110101010110001100001
01100001101000011100000110000000
01100001101010001100111011101111
01100001101011111101001011011110
01100001101101101100111000110000
01100001101111011100000011111011
01100001110001001010101101011000
01100001110010111000110101010100
01100001110100100110011011111011
01100001110110010011100001010101
01100001111000000000000101100001
01100001111001101100001000011110
01100001111011010111101010000110
01100001111101000010101010001010
01100001111110101101001000011100
01100010000000011000001101110100
01100010000010000010000000111011
01100010000011101011010111001001
01100010000101010100010000110001
01100010000110111100101110000001
01100010001000100100101111001010
01100010001010001100010100010010
01100010001011110011011101100000
01100010001101011010001010111010
01100010001111000000011100011101
01100010010000100110010010000110
01100010010010001011101011110011
01100010010011110000101001010111
01100010010101010101111101110010
01100010010110111010010100000100
01100010011000011110010001101011
01100010011010000001110110110110
01100010011011100101000011110001
01100010011101000111111000100110
01100010011110101010010101100000
01100010100000001100011010100001
01100010100001101110000111101111
01100010100011001111011101001010
01100010100100110000011010110011
01100010100110010001000000100111
01100010100111110001001110100001
01100010101001010001101001101000
01100010101010110001010011111111
01100010101100010000101000111101
01100010101101101111101000101101
01100010101111001110010011011100
01100010110000101100101001001111
01100010110010001010101010001111
01100010110011101000010110100000
01100010110101000101101110000110
01100010110110100010110001000110
01100010110111111111011111011100
01100010111001011011111001001010
01100010111010110111111110001110
01100010111100010100001010100000
01100010111101101111101111011000
01100010111111001011000001011111
01100011000000100110000000111100
01100011000010000000101101111100
01100011000011011011001000100010
01100011000100110101010000110100
01100011000110001111000110111011
01100011000111101000101010110101
01100011001001000001111100101000
01100011001010011010111100010101
01100011001011110011101001111010
01100011001101001100000101011001
01100011001110100100100100010010
01100011001111111100100010100010
01100011010001010100010000001001
01100011010010101011101101001110
01100011010100000010111001111000
01100011010101011001110110001110
01100011010110110000100010010011
01100011011000000110111110001101
01100011011001011101001001111111
01100011011010110011000101101010
01100011011100001000110001010001
01100011011101011110001100110100
01100011011110110011011000010011
01100011100000001000100100110011
01100011100001011101010101101011
01100011100010110001110111101010
01100011100100000110001010110111
01100011100101011010001111010110
01100011100110101110000101001101
01100011101000000001101100100001
01100011101001010101000101010011
01100011101010101000001111101010
01100011101011111011001011100101
01100011101101001101111001000111
01100011101110100000011000010010
01100011101111110010110011010000
01100011110001000100111001001111
01100011110010010110110001101110
01100011110011101000011100101111
01100011110100111001111010011100
01100011110110001011001010110110
01100011110111011100001110000011
01100011111000101101000100001000
01100011111001111101101101000110
01110011111001111111111111111110
01111100000010100111011110001100
01111100010000111100111111101010
01111100011011111101000011101010
01111100100010100111010011101011
01111100100110101100110001001111
01111100101010011001001010100011
01111100101101110010100010111001
01111100110000111100111000001001
01111100110011111010111010011000
01111100110110101110101001011000
01111100111001011001100110000101
01111100111011111100111101100001
01111100111110011001101000101000
01111101000000011000001100010110
01111101000001100000111001000100
01111101000010100111010001000001
01111101000011101011011001001000
01111101000100101101101000110110
01111101000101101110000001110110
01111101000110101100101110110111
01111101000111101001111001101011
01111101001000100101100111001111
01111101001001100000000000010101
01111101001010011001001000010010
01111101001011010001000100110110
01111101001100000111111010100011
01111101001100111101101100111111
01111101001101110010100000110011
01111101001110100110011000010000
01111101001111011001010100110001
01111101010000001011100000100111
01111101010000111100110110010110
01111101010001101101011010010001
01111101010010011101001100011111
01111101010011001100011010011001
01111101010011111010111000101011
01111101010100101000101100011001
01111101010101010101111100010111
01111101010110000010100100100110
01111101010110101110100111101000
01111101010111011010000110011010
01111101011000000101001000000010
01111101011000101111100110011001
01111101011001011001100100100011
01111101011010000011000110010000
01111101011010101100001001100111
01111101011011010100110000001011
01111101011011111100111011111010
01111101011100100100101100110000
01111101011101001100000011100110
01111101011101110011000000100101
01111101011110011001100111000110
01111101011110111111110101000001
01111101011111100101101011011100
01111101100000000101100110010000
01111101100000011000001011100110
01111101100000101010100110100100
01111101100000111100110110110100
01111101100001001110111100101011
01111101100001100000111000010111
01111101100001110010101001010100
01111101100010000100010111011110
01111101100010010101111000011110
01111101100010100111010000010101
01111101100010111000011111011001
01111101100011001001100101111110
01111101100011011010100011100110
01111101100011101011011000011101
01111101100011111100001010011101
01111101100100001100110001010010
01111101100100011101010000011111
01111101100100101101101000011010
01111101100100111101111000101010
01111101100101001110000001011101
01111101100101011110000011000001
01111101100101101110000001001110
01111101100101111101110110001111
01111101100110001101100100111001
01111101100110011101001100110011
01111101100110101100101110001111
01111101100110111100001001011100
01111101100111001011011101111110
01111101100111011010101111011100
01111101100111101001111001010010
01111101100111111000111101001000
01111101101000000111111011010000
01111101101000010110110011111000
01111101101000100101100110101001
01111101101000110100010101010111
01111101101001000010111110001000
01111101101001010001100001100000
01111101101001011111111111110000
01111101101001101110011001000111
01111101101001111100101101001110
01111101101010001010111100010100
01111101101010011001000111101110
01111101101010100111001101111000
01111101101010110101001111001100
01111101101011000011001011111011
01111101101011010001000100010010
01111101101011011110110111111100
01111101101011101100100111000110
01111101101011111010010011000101
01111101101100000111111010000001
01111101101100010101011100110000
01111101101100100010111011100010
01111101101100110000010110000010
01111101101100111101101100011101
01111101101101001010111110111111
01111101101101011000001110011101
01111101101101100101011001010110
01111101101101110010100000011100
01111101101101111111100011110010
01111101101110001100100011011010
01111101101110011001011111010101
01111101101110100110010111111010
01111101101110110011001100011110
01111101101110111111111101010111
01111101101111001100101010100100
01111101101111011001010100000110
01111101101111100101111001111010
01111101101111110010011100010101
01111101101111111110111010101010
01111101110000001011100000010010
01111101110000010111111010011000
01111101110000100100010001010010
01111101110000110000100101000011
01111101110000111100110101101100
01111101110001001001000011100011
01111101110001010101001101111111
01111101110001100001010101010110
01111101110001101101011001101000
01111101110001111001011010110100
01111101110010000101011000111011
01111101110010010001010100010001
01111101110010011101001100001011
01111101110010101001000111000110
01111101110010110100111010101101
01111101110011000000101011100110
01111101110011001100011001110001
01111101110011011000000101100100
01111101110011100011101110011000
01111101110011101111010100100011
01111101110011111010111000000100
01111101110100000110011000111100
01111101110100010001110111001100
01111101110100011101010011000111
01111101110100101000101100000110
01111101110100110100000010011100
01111101110100111111010110001001
01111101110101001010101011111001
01111101110101010101111011110000
01111101110101100001001001100011
01111101110101101100010100101100
01111101110101110111011101100000
01111101110110000010100100000000
01111101110110001101101000001101
01111101110110011000101010000111
01111101110110100011101010000000
01111101110110101110100111010101
01111101110110111001100010011000
01111101110111000100011011001010
01111101110111001111010001101000
01111101110111011010000101110101
01111101110111100100111011101111
01111101110111101111101100011110
01111101110111111010011011001001
01111101111000000101000111110000
01111101111000001111110010010100
01111101111000011010011010110101
01111101111000100101000001101000
01111101111000101111100110000111
01111101111000111010001000100101
01111101111001000100101001000011
01111101111001001111000111100001
01111101111001011001100011111111
01111101111001100011111110101110
01111101111001101110011001011101
01111101111001111000110000101001
01111101111010000011000101111111
01111101111010001101011001011110
01111101111010010111101011001001
01111101111010100001111011010010
01111101111010101100001001010101
01111101111010110110010101100110
01111101111011000000100000000100
01111101111011001010101000101111
01111101111011010100101111101001
01111101111011011110110101000010
01111101111011101000111000011000
01111101111011110010111001111101
01111101111011111100111011101001
01111101111100000110111010010001
01111101111100010000110111001110
01111101111100011010110010110011
01111101111100100100101100011111
01111101111100101110100100100011
01111101111100111000011011000000
01111101111101000010001111110110
01111111111111001110011011000001
01111111111111101001101010000010
01111111111111101100000000000000
01111111111111101101101010000010
01111111111111110000000000000000
01111111111111110010000000000000
01111111111111110100000000000000
