9.930136612989092e-16
9.42055475210265e-16
8.881784197001252e-16
8.308148362110449e-16
7.691850745534255e-16
7.021666937153402e-16
6.280369834735101e-16
5.874748045952207e-16
5.438959822042073e-16
4.965068306494546e-16
4.440892098500626e-16
4.1540741810552243e-16
3.8459253727671276e-16
3.510833468576701e-16
3.1401849173675503e-16
2.9373740229761033e-16
2.7194799110210365e-16
2.482534153247273e-16
2.220446049250313e-16
1.9229626863835638e-16
1.5700924586837752e-16
1.5700924586837752e-16
1.3597399555105182e-16
1.1102230246251565e-16
9.614813431917819e-17
6.798699777552591e-17
3.469446951953614e-18
1.734723475976807e-18
0.0
0.07088812053178033
0.1002509414671824
0.12278182617707308
0.14177624106356065
0.1585106561226513
0.17363972379255263
0.18755233799103962
0.2005018829343648
0.21266436145848763
0.22416791966931138
0.2351092975260387
0.24556365235414615
0.2555907537402122
0.26523906004171094
0.2745485103695354
0.2835524821271213
0.2922792084544708
0.3007528242080073
0.3089941534129944
0.3170213122453026
0.32485017776207886
0.33249475790158867
0.3399674831603114
0.347279448255547
0.3544406025767896
0.36145991035656994
0.36834547900529313
0.37510467598207925
0.38174421155045685
0.3882702268939273
0.39468835072867436
0.4010037658687296
0.40722124864692677
0.4133452205959856
0.419379777086981
0.42532872291697527
0.43119560361646425
0.4369837224506494
0.44269617089693475
0.44833583933862275
0.4539054426589851
0.4594075271304427
0.4648444923026305
0.47021859604238553
0.47553196861276464
0.4807866254511592
0.48598446921827915
0.49112730565644014
0.49621684319459936
0.501254707219788
0.5062424394990777
0.5111815074804243
0.5160733065827914
0.5209191720480997
0.5257203722962042
0.5304781200834219
0.5351935725179985
0.53986784133208
0.5445019854367308
0.5490970207390709
0.5536539209872042
0.5581736185111601
0.5626570131455076
0.5671049642542426
0.5715182993761334
0.5758978127229902
0.5802442733358996
0.5845584169089416
0.588840953754976
0.5930925685414139
0.5973139200088915
0.6015056484160146
0.6056683672739993
0.6098026706700569
0.6139091311698097
0.6179883068259888
0.6220407329215943
0.6260669288930826
0.630067397580289
0.6340426244906052
0.6379930843754629
0.6419192330432999
0.645821513880484
0.6497003555241577
0.6535561781577761
0.6573893854088159
0.6612003706049796
0.6649895158031773
0.6687571908439423
0.6725037593541487
0.676229570771232
0.6799349663206228
0.6836202766176287
0.6872858274711803
0.6909319320184347
0.694558896511094
0.6981670192458898
0.7017565895237659
0.7053278932383216
0.7088812051535792
0.7124167944819751
0.7159349237884367
0.7194358492179386
0.7229198207131399
0.7263870796583664
0.7298378693481119
0.7332724197558323
0.7366909580105863
0.7400937059957592
0.7434808805171247
0.7468526934640464
0.7502093519641585
0.7535510585318453
0.756878008749862
0.7601904012608538
0.7634884231009137
0.7667722597023849
0.7700420925437022
0.7732980992664248
0.7765404537878546
0.7797693264094382
0.7829848839211463
0.7861872873327973
0.7893767014573487
0.792553280760143
0.7957171789547137
0.7988685467106774
0.8020075317374592
0.8051342788650806
0.8082489301221346
0.8113516248110662
0.8144424972938535
0.8175216862189226
0.8205893208409505
0.8236455302605571
0.8266904411919712
0.8297241780243347
0.8327468628809956
0.835758615676872
0.838759554173962
0.8417497918222463
0.8447294466708123
0.8476986281177755
0.8506574458339505
0.8536060075894044
0.8565444192992586
0.8594727850680823
0.8623912072329285
0.8652997864050642
0.8681986193650283
0.8710878076906616
0.8739674449012989
0.876837625097878
0.879698440846219
0.8825499832118577
0.8853923417938695
0.8882256047577182
0.8910498588671657
0.8938651874314647
0.8966716786772455
0.8994694132553097
0.902258472624022
0.9050389369865889
0.9078108853179702
0.9105743953910512
0.9133295438021045
0.9160764059955601
0.9188150542608854
0.9215455658709534
0.9242680109234537
0.9269824604901536
0.929688984605261
0.9323876522865063
0.9350785315556789
0.9377616894586315
0.9404371920847711
0.9431051026110399
0.9457654892260353
0.9484184132812604
0.9510639372255293
0.9537021226415024
0.956333030262413
0.9589567199883794
0.9615732509023184
0.9641826812854682
0.9667850667058974
0.9693804677449965
0.9719689384365583
0.9745505340029689
0.9771253089371157
0.9796933170158075
0.9822546113128803
0.9848092442119942
0.9873572674191349
0.989898730093171
0.9924336863891987
0.9949621841658286
0.9974842725376767
1.0
3.1622776601683795
3.869738282784854
4.4665141614576065
4.992456610982486
5.468043298018285
5.9054527350121635
6.312625921523106
6.695081815896309
7.0568402998796405
7.400937070024669
7.7297311424193875
8.045099036518149
8.34856227443809
8.641375269401905
8.924586323359241
9.199082320511693
9.465621481762872
9.72485807261323
9.977361325968438
10.223630153981052
10.464104695012196
10.699175742300723
10.929191921688272
11.154465946765724
11.375279517459859
11.591887620090256
11.804521722342745
12.013392842562075
12.218693959919843
12.420602102259037
12.619280133157421
12.814878289533675
13.007535511080548
13.19738059496965
13.384533203102057
13.569104744285871
13.751199149814584
13.930913557779379
14.10833891890825
14.28356046789079
14.45665847062704
14.627708249511011
14.796780836697977
14.963943251219995
15.12925880941272
15.292787405134892
15.454585763297324
15.614707669744325
15.773204180128786
15.930123810080454
16.085512767963003
16.239414699511645
16.391871954920934
16.542924245438954
16.692609711909657
16.84096457357935
16.988024139739245
17.133821540338626
17.27838872638246
17.42175610420472
17.563953488841946
17.705008855180267
17.844949070715383
17.98380059220615
18.121588234590337
18.25833608376874
18.394067122914
18.528804109441985
18.66256836906118
18.795380670092623
18.927260850638305
19.058228661444748
19.188302585578608
19.317500679941265
19.44584020539985
19.573338440280285
19.700011525416997
19.825875084746613
19.950944821731756
20.075235383018395
20.19876115229353
20.321535888357857
20.443573495493027
20.564886911175407
20.68548887682479
20.805391581214142
20.92460740973328
21.04314785518729
21.161024267721118
21.27824750381234
21.39482865641379
21.51077798781609
21.6261054842412
21.740821392471258
21.854935168587083
21.968456195803864
22.081393443380495
22.193756167110962
22.30555287835261
22.416792045535708
22.527481758669943
22.6376304146661
22.747245537986124
22.856335305525967
22.96490653961054
23.0729672215398
23.18052383318082
23.287583686485767
23.39415392760083
23.500240568187706
23.605850451468793
23.71099026971064
23.815665607845744
23.919882882638465
24.02364837305824
24.12696727578412
24.229845933475534
24.33228930319494
24.434303172155104
24.53589320856268
24.63706403604955
24.73782110637112
24.8381697619616
24.938114321224
25.03765992805341
25.136811625702546
25.235573452578183
25.33395057060134
25.431946844236798
25.529566957990102
25.626815508285517
25.723696116035057
25.820213218417297
25.91637117109057
26.01217337040772
26.107624317148268
26.202727267591165
26.29748628736556
26.391905370158153
26.485987575353818
26.579736767248296
26.673156743239335
26.766250380354514
26.859021355928853
26.951473284988435
27.043608875404544
27.135431911783947
27.22694499596818
27.31815152216362
27.409054829035856
27.499657368692937
27.589962380726835
27.679973052788995
27.769691697560113
27.85912141026621
27.94826523749115
28.03712536191202
28.12570501503515
28.21400629770943
28.302032085021768
28.38978520832457
28.47726765244901
28.56448217145959
28.651431478319473
28.738117449325905
28.824542989689412
28.91070990721029
28.996620770587757
29.082278111359923
29.167683639961854
29.252839822747337
29.33774909103484
29.422413063902997
29.506834111394326
29.591014570483164
29.674955974440145
29.75866085895271
29.842130702960507
29.92536772818326
30.008374126236752
30.09115129858958
30.173701384633333
30.256026495265807
30.33812795899972
30.420007837458797
30.501668165270203
30.583110202179764
30.664336185084377
30.745347330064252
30.826145578399892
30.906732846645344
30.987110288446072
31.067279777971137
31.147243165903745
31.22700154690411
31.306556975233715
31.38591050802842
31.465063915275667
31.544018945365632
31.622776601683793
1000.0
70895.13156768947
100255.872326762
122785.83058317438
141779.74760874698
158513.72402413614
173642.55625853935
187554.90187142536
200504.22710756
212666.67462486922
224170.06572689404
235111.29755926234
245565.52305240245
255592.6358876562
265240.70927367086
274550.4222105659
283554.17942961096
292280.7058428592
300754.1343755726
308995.71165956336
317022.69344638404
324851.39140228415
332496.20595730114
339968.7710834629
347280.58345954213
354441.9615790433
361461.1216493414
368346.54986846284
375105.6106431894
381745.3596522163
388271.58033520816
394689.2401472328
401004.85878353147
407222.54020130076
413346.06982527365
419380.8220698701
425329.9594432539
431196.4176474568
436984.7263600869
442697.358871724
448336.6232464174
453906.4091021408
459408.10225332336
464845.2483310978
470219.52891814266
475532.5241957694
480787.35637285636
485985.3727510737
491127.84356010606
496217.55228931597
501255.58319085086
506242.96130613016
511182.19486989174
516074.1582679761
520919.6800121877
525721.0415267778
530478.4535643272
535194.5575806989
539868.4938538274
544502.3111502833
549097.9799780728
553654.5563869226
558173.9370483004
562657.9500620248
567105.5853718952
571518.6096287679
575898.7288751382
580244.8811596704
584558.7210058541
588841.8489475761
593093.1623817628
597314.2183608222
601506.5255040879
605668.949522757
609802.9621180927
613909.9912658207
617988.8781911855
622041.0193548332
626067.7715135958
630067.9572236633
634042.9062074585
637993.9119458743
641919.7830508108
645821.7897098239
649701.1688707356
653556.7190565789
657389.6570649708
661201.1690733767
664990.0466743844
668757.4585513046
672504.545067169
676230.0934800225
679935.2289152255
683621.0502083738
687286.3424221377
690932.1910810062
694558.9023718579
698167.5254779472
701756.845227747
705327.8996438466
708881.704365404
712417.0456804077
715934.9294230586
719436.3404332589
722920.0675925382
726387.0871098962
729838.3554513972
733272.6650298646
736690.9647009389
740094.1847089464
743481.8269520783
746853.4014115487
750209.8235773776
753551.295920855
756878.0164438653
760190.1788158013
763489.3459060185
766772.9504253524
770042.5531722257
773298.3317504312
776540.4600405571
779769.1083083504
782985.7825120453
786187.962136282
789377.1519368925
792553.5087248053
795717.1861811205
798868.3349438754
802007.1026917405
805134.9365864085
808249.3688856182
811351.8463009744
814442.5054526563
817521.4803783445
820588.9026010528
823646.174286022
826690.8712499491
829724.3956881104
832746.8696981095
835758.413169739
838759.143840471
841750.4230589968
844729.8686041592
847698.8422216937
850657.4535593044
853605.8103644797
856544.0185302796
859473.4021620448
862391.6194026934
865299.9950352479
868198.6279648223
871087.6154509373
873967.0531455977
876838.2309913272
879698.84592399
882550.1887779527
885392.3491334224
888225.4151373963
891049.4735355608
893865.7827839704
896672.07708504
899469.6159493105
902258.4808179971
905038.7518775094
907810.5080863517
910574.978755731
913329.933883698
916076.6039584244
918815.063280963
921545.3850483979
924267.641376674
926983.0344941594
929689.3687850797
932387.8477457758
935078.5393837247
937761.5107307401
940436.8278624567
943105.6677509684
945765.8678214181
948418.6063801153
951063.9458627375
953701.947839051
956332.6730296315
958957.2747771405
961573.6222671669
964182.8702232788
966785.0761280917
969380.296692686
971968.5878710279
974551.0808326057
977125.6753069178
979693.5038755743
982254.6196012519
984809.0748566445
987356.92133696
989899.2693481494
992434.0480092367
994962.3690572423
997484.281596457
999999.8341119862
1014872461290302.4
2.5476206690103092e+16
3.602879701896397e+16
5.0952413380206184e+16
7.205759403792794e+16
1.4411518807585587e+17
2.8823037615171174e+17
