9.929936647251614e-16
9.420361626183427e-16
8.881784197001252e-16
8.30810572248486e-16
7.691736787426851e-16
7.021564319559248e-16
6.280241084122284e-16
5.874613946341145e-16
5.438900198273533e-16
4.964968323625807e-16
4.440892098500626e-16
4.15405286124243e-16
3.8458683937134253e-16
3.510782159779624e-16
3.140120542061142e-16
2.9373069731705725e-16
2.7194500991367665e-16
2.4824841618129034e-16
2.220446049250313e-16
1.9229003155388225e-16
1.570060271030571e-16
1.570060271030571e-16
1.3597250495683832e-16
1.1102230246251565e-16
9.614501577694112e-17
6.798625247841916e-17
3.469446951953614e-18
8.673617379884035e-19
0
0.07088811183348298
0.10025092959403992
0.12278180941939354
0.14177622366696596
0.15850985702127218
0.1736396998167038
0.18755233753472567
0.20050185918807983
0.21266406681388617
0.2241667928174138
0.2351092966273427
0.24556361883878708
0.2555905804038048
0.2652390580624342
0.27454719319939613
0.2835524473339319
0.2922751158475876
0.30075240693986416
0.30899414606392384
0.31701971404254436
0.32485003769397736
0.3324947562068701
0.3399668149650097
0.34727940149605274
0.35444060154259205
0.36145966686308384
0.36834204383194447
0.37510467506945133
0.38174410350620747
0.3882683664560318
0.39467873238027096
0.40100371837615967
0.4072202108800411
0.4133394341915846
0.41937975585460663
0.42532813362777233
0.43119202740490437
0.4369837138801813
0.4426958318799734
0.4483335856348276
0.453905439004302
0.45940732955932617
0.4648430421948433
0.4702185932546854
0.47553185373544693
0.4807856809347868
0.4859844669699669
0.4911272395402193
0.4962162245064974
0.5012547038495541
0.5062424093484879
0.5111811608076096
0.5160716995596886
0.5209143124520779
0.5257088392972946
0.5304781161248684
0.5351935625076294
0.5398676879703999
0.5445011705160141
0.5490943863987923
0.55364740639925
0.5581600032746792
0.5626570098102093
0.5671048946678638
0.5715178810060024
0.5758963450789452
0.580240473151207
0.5845502316951752
0.5888409502804279
0.5930925384163857
0.5973137021064758
0.6015048138797283
0.6056660935282707
0.6097976118326187
0.6139091290533543
0.6179882921278477
0.622040618211031
0.6260664463043213
0.6300660111010075
0.6340394280850887
0.6379930824041367
0.6419192254543304
0.6458214558660984
0.6497000753879547
0.6535553224384785
0.6573873311281204
0.6611961647868156
0.6649895124137402
0.6687571592628956
0.6725035980343819
0.6762290373444557
0.6799336299300194
0.6836174614727497
0.6872858256101608
0.6909319162368774
0.6945588029921055
0.6981666833162308
0.7017557099461555
0.7053259834647179
0.7088812030851841
0.7124167904257774
0.7159348838031292
0.7194356806576252
0.7229193337261677
0.726385947316885
0.7298355996608734
0.7332683131098747
0.7366840876638889
0.7400828637182713
0.7434645630419254
0.7468290589749813
0.7502093501389027
0.7535510547459126
0.7568779960274696
0.7601903341710567
0.7634882070124149
0.7667717151343822
0.7700409442186356
0.7732959426939487
0.7765367329120636
0.7797633223235607
0.7829756811261177
0.7861737497150898
0.7893574647605419
0.7925532795488834
0.7957171723246574
0.7988685220479965
0.8020074367523193
0.8051340170204639
0.8082483373582363
0.8113504610955715
0.8144404217600822
0.8175182528793812
0.820583950728178
0.8236375004053116
0.8266788683831692
0.8297241739928722
0.832746859639883
0.8357586041092873
0.8387595117092133
0.8417496643960476
0.8447291366755962
0.8476979918777943
0.8506562672555447
0.8536040000617504
0.8565412051975727
0.8594678938388824
0.8623840548098087
0.8652896694839001
0.8681986182928085
0.8710878007113934
0.8739674277603626
0.8768375627696514
0.8796982802450657
0.8825496323406696
0.8853916637599468
0.8882244154810905
0.8910479061305523
0.8938621543347836
0.8966671712696552
0.8994629494845867
0.9022584706544876
0.9050389342010021
0.907810878008604
0.9105743654072285
0.9133294597268105
0.9160762131214142
0.9188146591186523
0.9215448498725891
0.924266804009676
0.9269805438816547
0.9296860843896866
0.9323834329843521
0.9350725896656513
0.9377616867423058
0.9404371865093708
0.943105086684227
0.9457654468715191
0.9484183043241501
0.9510637074708939
0.9537016861140728
0.9563322775065899
0.958955492824316
0.9615713618695736
0.9641798883676529
0.9667810834944248
0.9693804644048214
0.9719689339399338
0.9745505265891552
0.9771252870559692
0.9796932563185692
0.9822544790804386
0.9848089814186096
0.9873567968606949
0.9898979440331459
0.9924324490129948
0.9949603229761124
0.9974815770983696
1.0
3.162277653813362
3.8697209507226944
4.466402918100357
4.992454618215561
5.468021243810654
5.905385196208954
6.312476813793182
6.695081681013107
7.056837797164917
7.400925844907761
7.729701578617096
8.045099020004272
8.348470151424408
8.641372561454773
8.924380779266357
9.199063897132874
9.465621292591095
9.724802017211914
9.977357923984528
10.223630130290985
10.464089334011078
10.699175238609314
10.929151237010956
11.154462039470673
11.375279486179352
11.591875910758972
11.804393768310547
12.013392806053162
12.218690276145935
12.420544922351837
12.618993580341339
12.814877271652222
13.00751006603241
13.197231829166412
13.384532928466797
13.569093644618988
13.751121163368225
13.930913507938385
14.108334302902222
14.283519685268402
14.45665842294693
14.627706468105316
14.796759605407715
14.963846206665039
15.129258155822754
15.2927765250206
15.454528987407684
15.614707469940186
15.77319884300232
15.930090844631195
16.08551263809204
16.239412546157837
16.391855716705322
16.54285955429077
16.69243025779724
16.84056067466736
16.98802399635315
17.1338210105896
17.278383493423462
17.421730518341064
17.563873291015625
17.704813718795776
17.84454607963562
17.983800411224365
18.121586799621582
18.258326292037964
18.394031524658203
18.528708934783936
18.6623592376709
18.79538059234619
18.927260398864746
19.05822515487671
19.188287019729614
19.31745433807373
19.445730686187744
19.573116302490234
19.700011253356934
19.825873851776123
19.95093822479248
20.075212955474854
20.19870376586914
20.321412563323975
20.443573474884033
20.564886569976807
20.685486316680908
20.805381059646606
20.924577474594116
21.043079137802124
21.160887718200684
21.278247356414795
21.394827604293823
21.510773181915283
21.62609028816223
21.74078345298767
21.85485529899597
21.968456029891968
22.081393003463745
22.193754196166992
22.305545330047607
22.416771173477173
22.527435302734375
22.637630224227905
22.74724531173706
22.856334686279297
22.964903593063354
23.07295799255371
23.180500984191895
23.287535429000854
23.394063234329224
23.500084161758423
23.605597972869873
23.7106032371521
23.815096378326416
23.919074058532715
24.023648262023926
24.126967191696167
24.22984528541565
24.332287073135376
24.434295892715454
24.53587579727173
24.637028217315674
24.737754821777344
24.838057041168213
24.937934160232544
25.0373854637146
25.13641047477722
25.235006093978882
25.333950519561768
25.431946754455566
25.529566526412964
25.626813411712646
25.723690271377563
25.820199489593506
25.916343688964844
26.012123346328735
26.107539892196655
26.202593326568604
26.29728388786316
26.391610860824585
26.485573053359985
26.579736709594727
26.67315649986267
26.766249895095825
26.85901951789856
26.951468467712402
27.04359793663025
27.13541007041931
27.226905822753906
27.31808614730835
27.408952236175537
27.499503135681152
27.589739322662354
27.679660320281982
27.769691467285156
27.859121322631836
27.948264837265015
28.037123680114746
28.12570095062256
28.21399736404419
28.302014350891113
28.389754056930542
28.477216005325317
28.564401626586914
28.65131115913391
28.73794412612915
28.82430100440979
28.910709857940674
28.996620655059814
29.082277536392212
29.16768217086792
29.252836227416992
29.337741374969482
29.422398328781128
29.506808519363403
29.590972661972046
29.674890995025635
29.758564233779907
29.841992378234863
29.925175428390503
30.008373975753784
30.091150999069214
30.17370080947876
30.256025075912476
30.338124752044678
30.42000126838684
30.50165581703186
30.583088636398315
30.66430139541626
30.745293855667114
30.826066732406616
30.906620502471924
30.987110137939453
31.06727957725525
31.1472430229187
31.227000951766968
31.30655574798584
31.385907649993896
31.465058088302612
31.544008255004883
31.622758388519287
999.9999694824219
70895.09375
100255.828125
122785.828125
141779.671875
158513.234375
173642.546875
187554.890625
200504.140625
212666.375
224169.375
235110.078125
245565.515625
255592.625
265240.6875
274546.125
283554.03125
292274.25
300753.6875
308995.6875
317021.71875
324851.34375
332494.46875
339968.65625
347280.5625
354441.6875
361461.09375
368345.96875
375105.59375
381744.5
388265.53125
394689.21875
401004.6875
407220.53125
413336.96875
419380.78125
425329.34375
431192.78125
436984.71875
442697.1875
448335.25
453900.8125
459408.0625
464844.78125
470217.09375
475532.5
480787.21875
485984.34375
491127.8125
496217.5
501255.1875
506241.15625
511182.1875
516074.03125
520918.875
525721.0
530478.375
535194.25
539867.25
544498.6875
549089.4375
553637.25
558173.875
562657.875
567105.3125
571517.5625
575895.875
580238.375
584545.8125
588841.8125
593093.125
597313.9375
601505.625
605666.625
609797.8125
613900.0625
617988.875
622040.9375
626067.5625
630067.1875
634040.9375
637989.75
641911.875
645821.75
649701.125
653556.5
657389.0
661199.5
664986.5625
668757.4375
672504.5
676230.0
679935.0
683620.4375
687284.875
690929.25
694558.875
698167.5
701756.75
705327.6875
708881.125
712415.75
715932.375
719436.3125
722920.0625
726387.0
729838.125
733272.125
736689.8125
740091.9375
743481.8125
746853.375
750209.75
753551.125
756877.625
760189.3125
763487.625
766769.875
770037.4375
773290.25
776528.375
779751.625
782961.3125
786154.625
789377.125
792553.5
795717.125
798868.1875
802006.75
805134.1875
808247.9375
811349.375
814438.5
817515.25
820579.6875
823633.0625
826672.6875
829724.375
832746.8125
835758.375
838759.0625
841750.25
844729.5
847698.1875
850656.25
853603.75
856540.75
859468.4375
862384.375
865289.75
868184.5625
871087.5625
873967.0
876838.1875
879698.75
882550.0
885392.0
888224.8125
891048.4375
893864.0
896669.3125
899465.5
902252.625
905030.5
907799.3125
910574.9375
913329.875
916076.5625
918815.0
921545.25
924267.3125
926982.5
929688.4375
932386.3125
935076.1875
937758.0625
940431.9375
943098.875
945765.8125
948418.5625
951063.9375
953701.875
956332.5625
958957.125
961573.3125
964182.375
966784.25
969378.9375
971966.5625
974548.125
977121.5
979687.8125
982254.5625
984809.0625
987356.875
989899.1875
992433.9375
994962.1875
997484.0
999999.375
1014866412306432.0
2.547568441556992e+16
3.602879701896397e+16
5.095136883113984e+16
7.205759403792794e+16
1.4411518807585587e+17
2.8823037615171174e+17
