         x
         x
         x
         x
         x
         x
         x
         x
         x
         x
         x
         x
         0
         0
         0
         0
         0
         0
         0
         0
         0
         0
         0
         0
         0
         0
         0
         0
         0
         0
         0
         0
         0
         0
         0
         0
         0
         0
         0
         0
         0
         0
         0
         0
         0
         0
         0
         0
         0
         0
         0
         0
         0
         0
         0
         0
         0
         0
         0
         0
         0
         0
         0
         0
         0
         0
         0
         0
         0
         0
         0
         0
         0
         0
         0
         0
         0
         0
         0
         0
         0
         0
         0
         0
         0
         0
         0
         0
         0
         0
         0
         0
         0
         0
         0
         0
         0
         0
         0
         0
         0
         0
         0
         0
         0
         0
         0
         0
         0
         0
         0
         0
         2
         2
        19
        84
       165
       324
       594
      3628
      4292
     15181
     29094
     58014
     74843
    360853
    831526
   2115917
   4853702
  25249660
 118248845
 255667231
 481904150
 571905359
2031788469
1611733654
4294967287
4294967290
4294967288
         7
         8
4294967287
4294967290
        11
4294967287
4294967290
4294967289
4294967286
         6
        11
         9
        11
        10
4294967292
4294967285
        11
4294967285
         5
4294967287
4294967289
         8
4294967288
4294967288
        11
         9
4294967288
4294967285
         9
         8
4294967287
        11
         6
4294967285
        10
4294967285
         8
        11
         7
4294967289
         7
4294967287
         9
         9
        11
4294967285
        10
         8
         9
4294967290
         9
4294967293
4294967287
        11
        10
4294967289
4294967288
4294967292
4294967288
4294967288
4294967288
         6
4294967288
        10
         6
         3
         8
         7
4294967289
4294967286
        11
         9
        11
4294967295
4294967295
4294967295
4294967295
4294967295
         0
         0
         0
         0
         0
4294967295
4294967295
4294967295
4294967295
4294967295
         0
4294967295
4294967295
         0
4294967295
         0
         0
         0
4294967295
4294967295
4294967295
         0
         0
         0
         0
         0
4294967295
         0
         0
         0
4294967295
4294967295
4294967295
4294967295
         0
         0
         0
4294967295
4294967295
         0
4294967295
         0
         0
4294967295
4294967295
         0
4294967295
         0
         0
4294967295
         0
         0
4294967295
         0
4294967295
4294967295
4294967295
4294967295
         0
4294967295
4294967295
4294967295
4294967295
4294967295
4294967295
4294967295
4294967295
         0
4294967295
         0
4294967295
4294967295
         0
         0
         0
4294967295
4294967295
         0
         0
4294967295
         0
         0
         0
4294967295
4294967295
4294967295
         0
         0
4294967295
4294967295
         0
4294967295
4294967295
4294967295
4294967295
         0
         0
         0
         0
         0
         0
         0
         0
         0
         0
         0
         0
         0
         0
         0
         0
         0
         0
         0
         0
         0
         0
         0
         0
         0
         0
         0
         0
         0
         0
         0
         0
         0
         0
         0
         0
         0
         0
         0
         0
         0
         0
         0
         0
         0
         0
         0
         0
         0
         0
         0
         0
         0
         0
         0
         0
         0
         0
         0
         0
         0
         0
         0
         0
         0
         0
         0
         0
         0
         0
         0
         0
         0
         0
         0
         0
         0
         0
         0
         0
         0
         0
         0
         0
         0
         0
         0
         0
         0
         0
         0
         0
         0
         0
         0
         0
         0
         0
         0
         0
         0
         0
         0
         0
         0
         0
         0
         0
         0
         0
         0
         0
         0
         0
         0
         0
         0
         0
         0
         0
         0
         0
         0
         0
         0
         0
         0
         0
         0
         0
         0
         0
         0
         0
         0
         0
         0
         0
         0
         0
         0
         0
         0
         0
         0
         0
         0
         0
         0
         0
         0
         0
         0
         0
         0
         0
         0
         0
         0
         0
         0
         0
         0
         0
         0
         0
         0
         0
         0
         0
         0
         0
         0
         0
         0
         0
         0
         0
         0
         0
         0
         0
         0
         0
         0
         0
         0
         0
         0
         0
         0
         0
         0
         0
         0
         0
         0
         0
         0
         0
        93
        92
        37
         0
       103
       406
       870
      1498
      3179
      6129
     12249
     27975
     91472
    285392
    886662
   1702261
   3760120
   6406454
   9577898
  26755448
  65043804
 128063606
 161409827
 606847004
1329266840
4294967208
        81
       106
4294967196
4294967184
4294967187
4294967187
       102
4294967202
        99
4294967194
4294967185
4294967235
4294967230
        94
4294967199
       104
4294967238
4294967190
4294967203
        89
4294967211
4294967209
4294967188
        57
4294967195
       102
        61
        94
4294967188
4294967221
4294967197
4294967214
4294967194
        99
       111
4294967195
4294967197
        95
4294967190
        99
        99
        83
       105
4294967196
4294967204
        81
4294967208
4294967190
        98
4294967185
4294967234
4294967224
4294967201
        97
4294967185
4294967232
4294967260
4294967188
        97
       100
4294967216
4294967268
4294967191
        48
       111
       109
       101
4294967234
       106
       108
        86
       111
       109
        97
         0
         0
         0
         0
         0
         0
         0
         0
         0
         0
         0
         0
         0
         0
         0
         0
         0
         0
         0
         0
         0
         0
         0
         0
         0
         0
         0
         0
         0
         0
         0
         0
         0
         0
         0
         0
         0
         0
         0
         0
         0
         0
         0
         0
         0
         0
         0
         0
         0
         0
         0
         0
         0
         0
         0
         0
         0
         0
         0
         0
         0
         0
         0
         0
         0
         0
         0
         0
         0
         0
         0
         0
         0
         0
         0
         0
         0
         0
         0
         0
         0
         0
         0
         0
         0
         0
         0
         0
         0
         0
         0
         0
         0
         0
         0
         0
         0
         0
         0
         0
         0
         0
         0
         0
         0
         0
         0
         0
         0
         0
         0
         0
         0
         0
         0
         0
         0
         0
         0
         0
         0
         0
         0
         0
         0
         0
         0
         0
         0
         0
         0
         0
         0
         0
         0
         0
         0
         0
         0
         0
         0
         0
         0
         0
         0
         0
         0
         0
         0
         0
         0
         0
         0
         0
         0
         0
         0
         0
         0
         0
         0
         0
         0
         0
         0
         0
         0
         0
         0
         0
         0
         0
         0
         0
         0
         0
         0
         0
         0
         0
         0
         0
         0
         0
         0
         0
         0
         0
         0
         0
         0
         0
         0
         0
         0
         0
         0
         0
         0
         0
4294967295
         0
4294967295
4294967295
         0
4294967295
4294967295
4294967295
4294967295
4294967295
         0
4294967295
4294967295
         0
         0
         0
         0
         0
         0
         0
4294967295
4294967295
4294967295
         0
         0
4294967295
         0
4294967295
         0
         0
         0
4294967295
         0
4294967295
4294967295
         0
         0
         0
         0
4294967295
         0
         0
         0
         0
4294967295
         0
4294967295
4294967295
         0
4294967295
4294967295
         0
         0
         0
4294967295
4294967295
         0
         0
4294967295
4294967295
         0
4294967295
         0
         0
         0
         0
         0
         0
4294967295
4294967295
4294967295
4294967295
         0
         0
         0
4294967295
         0
         0
         0
         0
4294967295
4294967295
         0
4294967295
4294967295
         0
         0
4294967295
4294967295
4294967295
         0
4294967295
         0
4294967295
4294967295
         0
         0
4294967295
         0
4294967295
         0
         0
         0
         0
         0
         0
         0
         0
         0
         0
         0
         0
         0
         0
         0
         0
         0
         0
         0
         0
         0
         0
         0
         0
         0
         0
         0
         0
         0
         0
         0
         0
         0
         0
         0
         0
         0
         0
         0
         0
         0
         0
         0
         0
         0
         0
         0
         0
         0
         0
         0
         0
         0
         0
         0
         0
         0
         0
         0
         0
         0
         0
         0
         0
         0
         0
         0
         0
         0
         0
         0
         0
         0
         0
         0
         0
         0
         0
         0
         0
         0
         0
         0
         0
         0
         0
         0
         0
         0
         0
         0
         0
         0
         0
         0
         0
         0
         0
         0
         0
 469762046
 536870904
 805306344
 805306344
 805306320
 536870848
 536870784
 536870784
 805305984
 805305600
 805304832
 805304832
 805303296
 536866816
 234870784
 536838144
 536838144
 536805376
 536739840
 536608768
 401866752
 233570304
 532676608
 792723456
 520093696
 218103808
         0
 536870912
 268435456
 268435456
 536870912
3758096384
3489660928
 536870912
4026531840
3489660928
3758096384
 805306368
 536870912
 469762048
 469762048
 268435456
3758096384
 402653184
 268435456
4026531840
 268435456
 805306368
3959422976
4060086272
3825205248
 335544320
 469762048
3758096384
3758096384
 536870912
4026531840
3489660928
3758096384
3489660928
 536870912
3758096384
 536870912
 536870912
3489660928
3758096384
3489660928
 536870912
3758096384
 402653184
 805306368
 469762048
 268435456
 201326592
 167772160
4160749568
3758096384
3825205248
3489660928
 402653184
3758096384
3489660928
3489660928
 469762048
3825205248
3489660928
 469762048
 469762048
 125829120
3489660928
 805306368
4026531840
 469762048
 536870912
 536870912
 536870912
3489660928
 402653184
 536870912
3825205248
         1
4294967294
4294967294
4294967295
         1
4294967295
4294967294
4294967294
         2
         2
         2
4294967295
4294967295
4294967294
         2
4294967294
4294967295
4294967295
4294967295
         2
         1
         1
         2
         1
         2
         1
4294967294
         2
         2
         2
         1
4294967294
         2
4294967294
         2
         1
         2
         1
4294967294
         2
4294967295
         2
4294967295
4294967294
         2
         3
4294967294
4294967295
4294967294
         2
         2
4294967294
4294967295
4294967295
4294967294
4294967295
         1
4294967294
         2
4294967294
4294967294
         2
4294967295
         1
         2
4294967294
4294967295
4294967294
4294967295
4294967294
         1
         2
         0
         3
         5
         8
        41
       147
       834
      3134
      8743
     55122
    229993
    265456
   1764808
         0
         2
        16
        75
       442
      1736
      7678
     30920
    108524
    405694
    660165
   2815772
   8807910
  58551004
 118035813
         0
         0
         0
         0
         0
         0
         0
         0
         0
         0
         0
         0
         0
         0
         0
         0
         0
         0
         0
         0
         0
         0
         0
         0
         0
         0
         0
         0
         0
         0
         0
         0
         0
         0
         0
         0
         0
         0
         0
         0
         0
         0
         0
         0
         0
         0
         0
         0
         0
         0
         0
         0
         0
         0
         0
         0
         0
         0
         0
         0
         0
         0
         0
         0
         0
         0
         0
         0
         0
         0
         0
         0
         0
         0
         0
         0
         0
         0
         0
         0
         0
         0
         0
         0
         0
         0
         0
         0
         0
         0
         0
         0
         0
         0
         0
         0
         0
         0
         0
         0
         0
         0
         0
         0
         0
         0
         0
         0
         0
         0
         0
         0
         0
         0
         0
         0
         0
         0
         0
         0
         0
         0
         0
         0
         0
         0
         0
         0
         0
         0
         0
         0
         0
         0
         0
         0
         0
         0
         0
         0
         0
         0
         0
         0
         0
         0
         0
         0
         0
         0
         0
         0
         0
         0
         0
         0
         0
         0
         0
         0
         0
         0
         0
         0
         0
         0
         0
         0
         0
         0
         0
         0
         0
         0
         0
         0
         0
         0
         0
         0
         0
         0
         0
         0
         0
         0
         0
         0
         0
         0
         0
         0
         0
         0
         0
         0
         0
         0
         0
         0
         0
         0
         0
         0
         0
         0
         0
         0
         0
         0
         0
         0
         0
         0
         0
         0
         0
         0
         0
         0
         0
         0
         0
         0
         0
         0
         0
         0
         0
         0
         0
         0
         0
         0
         0
         0
         0
         0
         0
         0
         0
         0
         0
         0
         0
         0
         0
         0
         0
         0
         0
         0
         0
         0
         0
         0
         0
         0
         0
         0
         0
         0
         0
         0
         0
         0
         0
         0
         0
         0
         0
         0
         0
         0
         0
         0
         0
         0
         0
         0
         0
         0
         0
         0
         0
         0
         0
         0
         0
         0
         0
         0
         0
         0
         0
         0
         0
         0
         0
         0
1015021565
 461373432
 478150649
 981467123
1006632930
 637534170
 369098708
 448790466
 478150599
 411041743
 528482265
1145044904
 658505539
 419430200
 788528932
 333446786
 356515500
 369098400
1040186896
 478150200
 343932600
 486538800
 629145236
1006632480
 387972252
 461372560
 394263696
 528481680
 369098048
 478149744
 411041008
 343932272
 788528272
 511703136
 534772488
 486537408
 872413568
 603978624
1115682144
 452981376
 461369920
 771748992
 455078000
1006629120
 503312640
 469758464
 327152704
 452981376
 654308928
 503312640
 805303296
 436204288
 394261056
 574617456
 687863232
 381678240
 603977472
 436204288
 574617456
 436204288
 553646016
 805300224
 637524480
 377475840
 536854528
 956286720
 436194304
 394252544
 478136064
 436194304
 402640896
 377475840
 377475840
 436194304
 478136064
 461357312
 570416640
 400541760
 528472320
 467648576
 511689472
 452971008
 394250496
 436194304
 629133952
 436194304
1006617600
 637524480
 394252544
 411029248
 872401920
 402628608
 704621568
 356494080
 478121472
 419404800
 419404800
1040155648
 436180992
1073709056
         0
         0
         0
         0
         0
         0
         0
         0
         0
         0
         0
         0
         0
         0
         0
         0
         0
         0
         0
         0
         0
         0
         0
         0
         0
         0
         0
         0
         0
         0
         0
         0
         0
         0
         0
         0
         0
         0
         0
         0
         0
         0
         0
         0
         0
         0
         0
         0
         0
         0
         0
         0
         0
         0
         0
         0
         0
         0
         0
         0
         0
         0
         0
         0
         0
         0
         0
         0
         0
         0
         0
         0
         0
         0
         0
         0
         0
         0
         0
         0
         0
         0
         0
         0
         0
         0
         0
         0
         0
         0
         0
         0
         0
         0
         0
         0
         0
         0
         0
         0
         0
         0
         0
         0
         0
         0
         0
         0
         0
         0
         0
         0
         0
         0
         0
         0
         0
         0
         0
         0
         0
         0
         0
         0
         0
         0
         0
         0
         0
         0
         0
         0
         0
         0
         0
         0
         0
         0
         0
         0
         0
         0
         0
         0
         0
         0
         0
         0
         0
         0
         0
         0
         0
         0
         0
         0
         0
         0
         0
         0
         0
         0
         0
         0
         0
         0
         0
         0
         0
         0
         0
         0
         0
         0
         0
         0
         0
         0
         0
         0
         0
         0
         0
         0
         0
         0
         0
         0
         0
         0
         0
         0
         0
         0
         0
         0
         0
         0
         0
         0
    230173
    188832
    275585
    175933
    208035
    230656
    264507
    231963
    331162
    308105
    164443
    162221
    330882
    969216
   2655289
  10084339
  20727240
  44505069
 212900782
 649055819
1581458631
1456849498
    142193
    174203
    286482
    368252
    174508
    188505
    322394
4294726711
    240676
4294617835
4294722997
4294825708
4294705621
4294696217
    340060
    252759
    365305
    343143
4294728680
4294797550
4294610774
4294838281
    310182
    234427
    143257
    143013
    334958
4294854582
    196937
    134994
    199250
4294748020
    241787
4294655120
    296169
    379703
    325530
4294752074
    102929
    117578
    346442
4294580687
4294728505
     98834
    173251
    239253
    199766
    348450
    257884
4294736174
4294833812
4294628368
4294711337
    249610
    283787
4294705769
    130026
    332442
    375713
4294753665
    339262
4294583141
    272814
    362001
4294719396
4294898624
4294735591
4294787009
4294707057
4294710238
    132294
4294708564
    202887
4294780185
    358837
4294566909
4294596541
    257657
  16152992
  20849280
4264625312
4271654400
  26783760
  27988640
  30269440
  26627264
  27472128
4257584128
  14783232
4261679200
4272296992
4264485952
  28063136
4273245208
  26164736
  32147040
  23149056
4282021056
  21170528
  34000384
4265555200
  36777024
  28635360
4266717120
  22767616
4263151872
  18098016
4265162352
  25485120
4266097760
4266057856
4269591344
  35293312
  21649536
  25804544
  30713856
  36535360
4282101072
4263962432
  24041536
  37446144
  34937248
  24300512
4280180032
  15289344
  16851744
4256051584
4264264096
4264835520
4264386192
  17894328
  33668544
   8576536
  35185536
  21544288
  35476800
4271201280
  29245568
  34627584
4260812544
4274077184
4268859072
4256941856
  36491712
  14542400
4256449472
  22433440
  20678400
4283509792
  30851422
  37912381
  27972088
  30580211
  31579338
  33709880
  33664944
  15900235
  33697596
  28874075
  34599296
  21842972
  29563935
  29988099
  35453824
  30700362
  21546652
  17997668
  27025856
  14015520
  12911200
  21320032
  99065600
 136963904
 737835840
 758292096
4276897984
4268788736
  16859520
         0
         0
         0
         0
         0
         0
         0
         0
         0
         0
         0
         0
         0
         0
         0
         0
         0
         0
         0
         0
         0
         0
         0
         0
         0
         0
         0
         0
         0
         0
         0
         0
         0
         0
         0
         0
         0
         0
         0
         0
         0
         0
         0
         0
         0
         0
         0
         0
         0
         0
         0
         0
         0
         0
         0
         0
         0
         0
         0
         0
         0
         0
         0
         0
         0
         0
         0
         0
         0
         0
         0
         0
         0
         0
         0
         0
         0
         0
         0
         0
         0
         0
         0
         0
         0
         0
         0
         0
         0
         0
         0
         0
         0
         0
         0
         0
         0
         0
         0
         0
       548
       686
       473
       209
       405
      3579
     14470
     37081
    214412
    658805
   2932517
   6040986
  31229486
  92474067
 419846739
1495094209
1228545176
       576
       274
       419
4294966703
       129
4294966933
4294966873
4294966762
4294966763
       639
       462
4294966822
4294966723
       278
       554
4294966809
       226
4294966833
4294967084
4294966843
       300
       395
       455
       221
4294966767
4294966776
4294966929
       308
4294966888
       458
       326
4294966856
4294966985
4294966904
4294966894
4294966697
4294966665
       479
       291
4294966831
4294966752
       392
4294966899
       258
       195
4294967056
4294966798
4294966639
4294966808
4294966646
4294966870
       300
4294967167
4294966863
4294967062
       458
       349
4294966752
4294966808
       483
4294966975
       410
       683
       484
4294966849
4294966821
       238
4294966588
4294966796
4294966946
       429
4294966769
       631
       543
4294966820
       445
4294967090
       495
       592
4294966889
4294966810
       498
       388
4289309917
4285683133
4286239406
   8671694
4290954127
  10678022
4291604515
   4465688
   7623712
4288119820
   7616462
  12316980
   6973400
4287621861
   7973706
4283927760
   8451278
   6945296
4288659563
4287781814
4287117650
4286762736
4284161330
  10977996
4287862968
   9830792
  10831644
4287610381
   8664915
   3676650
4288345682
4283859403
   5397552
   6700232
4288108324
4286514674
4288624311
   8154020
  10537848
  12673041
4288258527
   6202318
   4229737
  11581581
   8026844
4284358731
   4851836
4286608414
  10395956
  10389208
   8196010
   7456721
  10297642
  10565180
   6609812
   5055698
   8044848
   9611703
   3447194
   9402079
  11316006
   7035889
   7307469
  11803981
   9802337
   6213576
   1048576
   4194304
  19464560
  25414285
  59477022
 240120165
 346264892
 530252974
 887182443
  11708554
   8350109
4286906868
   9976573
4283409820
  11497593
4285848566
   8621394
   7999584
  10716947
   4695428
4286741293
4282519182
4286189245
4285606589
4286841867
4286753140
   7300619
4286262564
4288229559
4284822760
4282411666
  11237121
4290720306
   9002012
      9687
4294959872
      4860
     17689
     14257
     16397
     16707
     11946
     10940
4294953798
4294948219
4294950619
4294962046
4294958051
     14951
     21185
4294953995
     16883
      4681
     13607
4294956759
     18445
     14654
     10287
     14490
4294952559
4294958181
4294946352
4294952434
4294963786
     11099
     15419
     18123
4294954296
4294959465
4294962586
4294946607
4294949787
     15851
      9129
4294948659
4294949235
4294954339
4294951880
4294949263
     16455
     16719
      8880
     12755
     17823
     14248
4294954720
4294952940
     20322
4294965115
     18080
4294951722
4294949066
4294958526
4294964476
4294948873
4294956988
4294953118
     13809
4294956712
     20746
4294947278
     16959
4294959072
     11896
4294951377
     12559
4294952127
4294955299
     17563
      3642
     14473
4294952822
4294954902
     13161
4294955554
4294952370
4294955721
     14561
     10955
     12887
     14982
4294948744
     15736
4294948206
      7649
     17781
     12213
4294961085
      6794
      9489
     18245
4294950490
     12372
     12211
         0
         0
         0
         0
         0
         0
         0
         0
         0
         0
         0
         0
         0
         0
         0
         0
         0
         0
         0
         0
         0
         0
         0
         0
         0
         0
         0
         0
         0
         0
         0
         0
         0
         0
         0
         0
         0
         0
         0
         0
         0
         0
         0
         0
         0
         0
         0
         0
         0
         0
         0
         0
         0
         0
         0
         0
         0
         0
         0
         0
         0
         0
         0
         0
         0
         0
         0
         0
         0
         0
         0
         0
         0
         0
         0
         0
         0
         0
         0
         0
         0
         0
         0
         0
         0
         0
         0
         0
         0
         0
         0
         0
         0
         0
         0
         0
         0
         0
         0
         0
  24850974
  23491454
  30639102
  20505343
  42339583
  45893119
  82761215
  22377855
  46386174
  29794014
  22609471
  18032159
  22812926
  18426431
  24803390
  32238334
  29228030
  22873087
  26003838
  33145855
  30706686
  42699775
  39635199
  33524255
  28106814
  19777407
  23867903
  19216607
  22914431
  32982335
  24153406
  27492734
  19140287
  17496959
  32756991
  25731070
  22654398
  30672574
  26809342
  22156287
  25340030
  32521535
  74188287
  25265214
  22187775
  33381118
  24394815
  36765567
  29112606
  22517759
  20883839
  28722174
  20906303
  33046847
  23996287
  22975743
  31835135
  50213886
  23581694
  32498495
  41558015
  31657247
  85117311
  49023198
  31356287
  49143838
  34728191
  29701886
  29323262
  17619647
  23310847
  26173438
  18659615
  37525503
  19181567
  26519422
  35805183
  20382719
  29540734
  20295167
  18962879
  22175550
  45653694
  20610815
  29111550
  33098687
  28728318
  28524990
  31955710
  26602430
  22774911
  24646142
  32943231
  21530879
  29584510
  39159807
  31912702
  53817342
  27280862
  25225470
        73
       163
        29
         0
       215
      1061
      7147
     18801
     55690
     70568
    484760
    862874
   1706705
   4193420
   6979277
  18599311
  89932974
 358523463
1453889033
1201126084
4294967178
4294967166
        86
       112
4294967070
4294967212
       173
4294967204
4294967125
       113
       163
       194
        79
       173
4294967157
4294967177
4294967202
4294967179
4294967101
       187
       188
4294967102
        74
4294967198
       165
4294967102
4294967157
4294967167
       144
4294967175
       214
4294967141
       128
       181
4294967177
       164
4294967128
        70
        96
4294967102
       166
4294967174
4294967088
       142
4294967146
        77
4294967164
        29
       142
       143
4294967105
4294967127
        94
4294967109
       205
4294967131
        89
        83
4294967095
4294967190
       106
       144
4294967132
4294967181
4294967147
4294967124
4294967131
       133
       172
4294967136
       173
4294967137
       141
4294967178
4294967200
4294967100
4294967130
       220
       139
       184
         0
         0
         0
         0
         0
         0
         0
         0
         0
         0
         0
         0
         0
         0
         0
         0
         0
         0
         0
         0
         0
         0
         0
         0
         0
         0
         0
         0
         0
         0
         0
         0
         0
         0
         0
         0
         0
         0
         0
         0
         0
         0
         0
         0
         0
         0
         0
         0
         0
         0
         0
         0
         0
         0
         0
         0
         0
         0
         0
         0
         0
         0
         0
         0
         0
         0
         0
         0
         0
         0
         0
         0
         0
         0
         0
         0
         0
         0
         0
         0
         0
         0
         0
         0
         0
         0
         0
         0
         0
         0
         0
         0
         0
         0
         0
         0
         0
         0
         0
         0
         3
         0
         0
         3
         0
         0
         3
         0
         0
         3
         0
         0
         3
         0
         3
         0
         0
         0
         3
         0
         3
         0
         0
         0
         0
         3
         0
         0
         0
         0
         0
         3
         0
         0
         0
         0
         3
         0
         0
         0
         0
         0
         0
         0
         3
         0
         0
         0
         0
         0
         3
         0
         0
         3
         0
         0
         0
         0
         0
         0
         0
         0
         0
         3
         0
         0
         0
         0
         3
         0
         0
         0
         0
         0
         0
         0
         3
         0
         0
         0
         3
         0
         3
         0
         3
         6
         0
         0
         3
         0
         3
         0
         0
         0
         0
         0
         0
         0
         0
         0
      1625
      1852
      1778
      1903
      1397
      1277
         0
      2378
      5067
     11422
     61717
     83016
    174326
    782725
   2412625
  11883591
  44340873
 104310775
 453132910
1614818373
4294965581
      2024
      1897
      1811
4294965976
      1670
       929
      1021
      1543
      1736
4294965490
      1338
4294965929
4294965429
4294965418
4294965496
4294966605
4294966103
4294965629
4294965953
4294965624
4294965522
      1169
4294965597
      1336
4294965972
       834
      1618
      1919
      1820
      1770
      1392
       484
4294966320
      1386
      1989
      1254
4294965431
      1506
      1737
      1906
4294965714
      1961
4294965954
4294965612
      1166
4294965702
      1229
4294965758
4294965699
4294966333
      1840
4294966509
      1165
4294966165
      1488
       953
      1823
      1016
       674
4294965404
4294965953
4294966418
      1743
      1766
      1068
      1782
4294966318
      1612
      1295
       988
4294966239
4294966861
       855
      1804
4294966157
      1539
      1332
4294965700
      1087
2147645607
2147290306
2147629690
2147588893
2147337752
2147272122
2147601186
2147355092
2147807736
2147327064
2147669745
2147345654
2147315569
2147604932
2147681794
2147353804
2147327997
2147608970
2147350675
2147619714
2147614492
2147685980
2147359196
2147353790
2147268887
2147374320
2147331380
2147603906
2147291315
2147621213
2147135044
2147687956
2147256919
2147368563
2147615453
2147621180
2147223544
2147602438
2147360891
2147182115
2147748225
2147595164
2147310895
2147338118
2147354154
2147703741
2147272710
2147671360
2147294650
2147315758
2147356499
2147349288
2147711020
2147669660
2147186777
2147643846
2147363513
2147334127
2147226050
2147611761
2147330148
2147310452
2147303763
2147929908
2147607853
2147728419
2147674744
2147588099
2147274855
2147354184
2147365498
2147605192
2147627601
2147600594
2147689906
2146985538
2147272008
2147612341
2147718533
2147356054
2147291370
2147628377
2147221654
2147363072
2147594406
2147755149
2147626842
2147347408
2147688102
2147632541
2147636887
2147261044
2147264752
2147611240
2147598439
2147284368
2147323826
2147353386
2147323776
2147373202
4294967030
4294967061
4294967029
       276
       338
       267
       307
       328
4294967143
4294967074
4294966957
       252
       404
4294967059
4294967107
4294967096
4294966934
4294967120
4294966968
4294967020
4294967000
        60
4294966952
       325
4294967082
       334
       301
4294967065
       154
4294967015
       259
4294966939
4294967043
4294966927
4294967051
4294967026
4294967098
       124
       176
       239
4294967098
       331
4294967172
       242
       261
4294966966
       280
4294967031
       308
       299
       369
       324
       309
       292
       164
4294967049
        50
4294966908
4294966918
4294967048
       257
       147
       217
       274
         0
      1197
      6274
      8999
     43372
    146087
    386816
   1300540
   4858800
  13834744
  49481495
 238916760
 494235775
1629620091
4294966939
4294966927
        96
4294967028
       234
       255
       239
       372
4294967001
       185
4294967026
4294967055
4294966995
4294967060
       361
4294967033
4294966960
4294966961
4294966902
       198
4294966926
       216
2147476129
2147469670
2147476595
2147477898
2147496261
2147491622
2147492757
2147475566
2147497833
2147470868
2147490684
2147469605
2147493135
2147493759
2147475896
2147467908
2147475669
2147490982
2147488654
2147476577
2147492576
2147469202
2147491806
2147489516
2147494461
2147492107
2147476002
2147476507
2147493733
2147494100
2147498926
2147489451
2147475488
2147488686
2147477126
2147476121
2147492242
2147472912
2147504592
2147476503
2147499705
2147473805
2147495607
2147475407
2147469429
2147494987
2147498360
2147475775
2147494571
2147464672
2147498319
2147472619
2147475620
2147491773
2147491617
2147488767
2147475402
2147491076
2147491827
2147475803
2147476086
2147460168
2147469875
2147475180
2147489709
2147472916
2147491163
2147489277
2147495108
2147491814
2147473437
2147473789
2147495813
2147476184
2147475837
2147471959
2147472287
2147492961
2147472635
2147495930
2147491733
2147476016
2147491308
2147518492
2147493564
2147473733
2147513390
2147472000
2147488699
2147467346
2147471859
2147495476
2147475382
2147490708
2147475882
2147496425
2147491050
2147475508
2147478177
2147498757
         0
         0
         0
         0
         0
         0
         0
         0
         0
         0
         0
         0
         0
         0
         0
         0
         0
         0
         0
         0
         0
         0
         0
         0
         0
         0
         0
         0
         0
         0
         0
         0
         0
         0
         0
         0
         0
         0
         0
         0
         0
         0
         0
         0
         0
         0
         0
         0
         0
         0
         0
         0
         0
         0
         0
         0
         0
         0
         0
         0
         0
         0
         0
         0
         0
         0
         0
         0
         0
         0
         0
         0
         0
         0
         0
         0
         0
         0
         0
         0
         0
         0
         0
         0
         0
         0
         0
         0
         0
         0
         0
         0
         0
         0
         0
         0
         0
         0
         0
         0
         0
         0
         0
         0
         0
         0
         0
         0
         0
         0
         0
         0
         0
         0
         0
         0
         0
         0
         0
         0
         0
         0
         0
         0
         0
         0
         0
         0
         0
         0
         0
         0
         0
         0
         0
         0
         0
         0
         0
         0
         0
         0
         0
         0
         0
         0
         0
         0
         0
         0
         0
         0
         0
         0
         0
         0
         0
         0
         0
         0
         0
         0
         0
         0
         0
         0
         0
         0
         0
         0
         0
         0
         0
         0
         0
         0
         0
         0
         0
         0
         0
         0
         0
         0
         0
         0
         0
         0
         0
         0
         0
         0
         0
         0
         0
         0
         0
         0
         0
         0
         0
         0
         0
         0
         0
         0
         0
         0
         0
         0
         0
         0
         0
         0
         0
         0
         0
         0
         0
         0
         0
         0
         0
         0
         0
         0
         0
         0
         0
         0
         0
         0
         0
         0
         0
         0
         0
         0
         0
         0
         0
         0
         0
         0
         0
         0
         0
         0
         0
         0
         0
         0
         0
         0
         0
         0
         0
         0
         0
         0
         0
         0
         0
         0
         0
         0
         0
         0
         0
         0
         0
         0
         0
         0
         0
         0
         0
         0
         0
         0
         0
         0
         0
         0
         0
         0
         0
         0
         0
         0
         0
         0
         0
         0
         0
         0
         0
         0
         0
         0
     10342
     11927
      4865
      3419
      6216
     10353
     10803
      6248
      2048
     10185
     43580
    121100
    244357
    914561
   2165227
   4637638
   9932970
  19237912
  55005741
  79790814
 235550767
1064477605
1504869044
     11941
      9585
     11662
      7350
4294955464
4294957836
      4144
4294962540
      3369
     10777
     11703
4294957075
      7310
4294957188
4294956731
      9664
4294961335
4294961978
     11891
4294958512
      5791
4294960420
      8912
4294960786
4294959496
4294955438
      8281
4294956622
4294956872
4294959404
     11779
4294957688
4294962249
      9779
     10867
      8147
      7543
      6742
4294960694
4294956709
      9091
4294956776
      3478
4294956703
     10380
4294960824
      8704
      7810
4294959843
4294961032
4294963899
4294961701
      7543
     10354
      6227
      8872
      6814
      7564
4294957224
4294961423
4294959240
4294959624
4294956329
4294958864
      8327
      9499
     10506
      7371
      5218
4294959068
4294955573
4294961782
4294960254
      8435
4294958714
      6659
      9753
2147483456
2147483749
2147483503
2147483521
2147483528
2147483546
2147483899
2147483414
2147483442
2147483788
2147483945
2147483160
2147483464
2147483870
2147483977
2147483753
2147483527
2147483518
2147483767
2147483894
2147483542
2147483767
2147483868
2147483432
2147483395
2147483896
2147483543
2147483757
2147483533
2147483427
2147483866
2147483392
2147483953
2147483772
2147483749
2147483767
2147483759
2147483526
2147483827
2147483526
2147483337
2147483899
2147483536
2147483852
2147483545
2147483750
2147483514
2147483530
2147483528
2147483394
2147483796
2147483877
2147483410
2147483428
2147483833
2147483757
2147483544
2147483778
2147483258
2147483768
2147483159
2147483438
2147483860
2147483543
2147483769
2147483754
2147483751
2147483846
2147483431
2147483784
2147483367
2147483529
2147483782
2147483546
2147483877
2147483750
2147483524
2147483529
2147483517
2147483541
2147483530
2147483762
2147483546
2147483540
2147483532
2147483544
2147483752
2147483772
2147483800
2147483748
2147483449
2147483768
2147483438
2147483545
2147483428
2147483512
2147483787
2147483782
2147483865
2147483333
         0
         0
         0
         0
         0
         0
         0
         0
         0
         0
         0
         0
         0
         0
         0
         0
         0
         0
         0
         0
         0
         0
         0
         0
         0
         0
         0
         0
         0
         0
         0
         0
         0
         0
         0
         0
         0
         0
         0
         0
         0
         0
         0
         0
         0
         0
         0
         0
         0
         0
         0
         0
         0
         0
         0
         0
         0
         0
         0
         0
         0
         0
         0
         0
         0
         0
         0
         0
         0
         0
         0
         0
         0
         0
         0
         0
         0
         0
         0
         0
         0
         0
         0
         0
         0
         0
         0
         0
         0
         0
         0
         0
         0
         0
         0
         0
         0
         0
         0
         0
       242
       574
       518
       268
       251
      2053
     11351
     16178
     81948
    511166
   1350932
   2979416
   9542674
  16887466
  60327760
 172088729
 865224128
1710989604
       688
       451
       593
4294966896
4294966608
       455
       665
       592
       202
       520
       437
4294966903
       280
4294966966
4294966729
       659
       429
4294966703
4294966721
4294966775
4294967102
4294966895
       283
4294966820
4294966835
4294966659
       490
4294966750
4294966954
       442
       328
       555
4294966630
       466
       383
4294966907
       459
4294966839
       641
       463
4294966801
4294966679
4294966583
4294966652
4294966885
       464
       385
       465
       633
       640
       474
4294966804
4294966871
       652
       483
4294966885
       469
4294966872
4294966883
       347
4294966991
4294966929
       260
4294967061
4294966721
       233
       505
       634
4294966703
       560
4294966906
       461
       430
       453
4294967132
       495
       540
4294966609
       111
4294966902
4294967246
       646
4294916540
4294925448
     42090
     25050
     65964
4294919906
4294926323
4294928789
4294911961
     52906
4294907724
     26992
     59868
     59385
4294935753
     46296
     61271
     27219
     41307
4294912755
     32417
4294903733
4294914312
     41576
4294932601
4294907993
4294929127
     44753
4294942961
4294928541
4294936866
4294928363
     32318
4294939121
4294935599
     33640
4294939615
4294912543
4294923186
     41774
     27103
4294939102
4294909494
     31434
     55026
4294916880
     43401
     51913
4294954758
     41079
4294898950
4294925387
4294940321
     36909
     40928
     29704
     55099
     37662
     29474
     51403
     26254
     44988
     28608
     30315
         0
    115109
    934366
   2261123
   9347900
  32206020
  53126930
 178540901
 544443645
2028322281
     35817
     52949
     59995
4294925122
4294908150
4294946531
4294944695
4294945090
     61168
     50592
4294941348
4294909284
4294933379
     19484
4294920589
4294905656
     57506
4294930911
4294915912
4294932932
     60100
     45181
4294913668
4294945676
     52536
4294902570
4103497675
3986024952
4207105130
4086187974
 359538723
4121088378
3962637547
3953622461
3976264912
4188449987
 303075657
 228648288
3936270718
 286191133
 133784881
3996533860
4161568311
 308678514
3973803467
3999944106
 160628352
 353009950
4035356272
4074541519
4091350550
3953419252
4073187451
3994883008
 380216726
 236661873
3939844456
 251692429
3984957445
4190737302
 178752693
 224423128
3925384154
4152608677
4047343911
 199800816
 294969848
4002453829
 286729178
3908483993
 294702827
4016494412
 187098886
 306762037
3889148529
 269047767
 300526810
4020115694
4037674501
4074416279
4185528293
4212636182
4089247447
3916222689
 303590008
4022659654
3954615898
4084690677
 335634651
4105235793
 296871678
 329544457
 364537685
3948454073
3997182954
4126115667
 303723838
 213453031
4117403551
4119900047
3923964783
4165543653
 248596535
4056702138
 320818617
4169644536
4155603118
4001939194
 122673769
 265809275
4069449755
3953489572
3978220548
 210566148
4026829527
 284748550
 149060098
4026393663
4058613979
4084389811
 170354239
3914744939
4037958202
4150353491
 216279870
 143016976
         5
4294967292
         4
4294967292
         2
4294967293
4294967290
4294967292
4294967291
         5
4294967291
4294967292
4294967291
         5
         5
4294967291
4294967292
         5
4294967289
         4
         4
        25
        69
       270
      1798
      7540
     25678
     92749
    448730
   1977599
   6868949
  31400334
 128502802
 349902266
1472769644
4294967292
4294967290
4294967290
         5
         5
         4
4294967290
4294967290
4294967292
         5
4294967290
         6
4294967291
         4
4294967289
4294967290
         4
4294967291
4294967291
4294967291
4294967290
4294967290
4294967290
         2
4294967290
4294967294
4294967291
         5
4294967292
4294967290
         5
4294967293
4294967293
4294967293
         6
4294967292
4294967291
4294967291
4294967290
4294967291
4294967292
         3
         6
         4
         5
4294967292
4294967292
         7
4294967291
         5
4294967292
         6
         5
4294967294
         5
         4
4294967290
4294967291
4294967289
         5
4294967290
         3
         5
4294967293
4294967290
2123938567
2122920703
2047078134
2118571963
2165116232
2126184494
2118209353
2111184994
2173180789
2171466003
2118465371
2113844056
2114908563
2181591072
2122716805
2173498256
2166709316
2174213452
2115937319
2169010247
2185943881
2126522652
2089260090
2102096286
2127344784
2175752286
2123542258
2166929450
2179187154
2093018687
2122621468
2182913825
2167387514
2168589491
2105171628
2104310564
2102926988
2179270913
2089115669
2126813420
2122160192
2120973547
2124902564
2120232342
2169601250
2177557233
2122677113
2166536511
2128221644
2118220385
2111482387
2210063587
2196922332
2184130398
2170547581
2167651473
2168149154
2219290535
2128001904
2123140182
2123726809
2117216932
2213153699
2114735604
2127652808
2176201539
2122534915
2123922504
2120750992
2172537966
2170208196
2108221886
2223053867
2116112976
2179135350
2176021672
2119519220
2185457992
2120332718
2123035309
2174178720
2168185567
2176565736
2124148705
2125618543
2114890410
2175663354
2126756284
2169213039
2166084022
2127356405
2173458163
2115616372
2116312716
2178516476
2093573813
2126432227
2118565542
2171347570
2118158148
        71
4294967195
       104
4294967228
       101
        88
        74
        76
4294967216
4294967212
        96
       100
4294967193
4294967185
        55
4294967201
4294967247
4294967213
       111
        90
4294967240
       108
4294967197
        83
        77
4294967215
        74
       102
4294967233
        80
        90
4294967228
        45
4294967230
4294967189
       105
       105
        59
4294967183
        74
4294967236
4294967196
        50
4294967239
        82
4294967204
       101
        91
        92
       104
       114
       106
4294967248
        45
4294967238
4294967183
        56
        81
        73
        51
        52
       103
4294967200
4294967202
        82
        60
       106
        94
4294967192
4294967215
4294967191
       119
       104
        51
        56
        16
       313
      1508
      2221
     10751
     52800
    223926
    410139
    821930
   1737543
   7486092
  18989574
 111584952
 381012124
1106554652
       117
4294967225
4294967192
4294967214
        96
4294967199
        61
       101
4294967227
4294967213
2152126290
2153528220
2143001841
2142259352
2139730878
2143491892
2143891528
2139545550
2136860002
2143501592
2139474854
2150863324
2142472316
2143949054
2151189871
2143825919
2143887201
2143874403
2153503671
2150708873
2154814941
2151598706
2151662257
2150890324
2143256196
2152262384
2152103620
2142981251
2153111251
2143553840
2141592601
2143457339
2143375595
2143650241
2142460082
2143003304
2143242449
2154573712
2156955022
2152503104
2143853666
2151090182
2143992055
2151042565
2155965151
2143427438
2143918818
2151836734
2153414077
2152516061
2142131608
2142874702
2143996741
2143877272
2151850716
2141440746
2142338670
2143776957
2152503115
2152163552
2151499839
2163210314
2143679505
2164122590
2151256490
2151149421
2153593206
2139775012
2151434419
2143921254
2151114156
2128650600
2143372573
2153829012
2152048721
2151335704
2150872322
2143955554
2141491108
2141875126
2140460472
2153076285
2151526028
2151107170
2154577842
2143648098
2142551024
2151643596
2134610068
2144116348
2154444667
2142980674
2151072923
2151372866
2143833537
2153814132
2154187586
2143619970
2154230394
2142088872
2148307069
2146620630
2148221402
2146846291
2146793401
2146341520
2148243635
2148238168
2146454389
2148148482
2148058373
2148096567
2148364372
2149275420
2146450322
2148738460
2145763694
2146074636
2145952213
2148271189
2148436359
2146388993
2148187252
2146870424
2148748256
2148995129
2148233415
2148484552
2146340885
2146760625
2148056597
2146831240
2146821109
2146602838
2146848515
2148458890
2146426722
2148247735
2146595971
2146855658
2149125501
2146530715
2148509355
2148406152
2148391403
2146463264
2148266179
2146436326
2146655644
2146657686
2146462985
2148063479
2148501013
2148501429
2146573570
2148271571
2148337037
2148256092
2148384017
2148221416
2148242878
2148085503
2148403519
2148345357
2148341261
2148261577
2148354830
2146687514
2146563384
2146819762
2148771912
2148419943
2146853174
2148102885
2148093913
2146788106
2146738022
2148801241
2148091313
2145441488
2146259706
2146748306
2146806224
2148906999
2148097673
2146593689
2146802386
2145264126
2148229602
2148069963
2148305029
2150166376
2145747725
2146598057
2148034720
2146716863
2146236154
2148156767
2146663400
2146445653
4294967273
        40
        27
        29
        31
4294967257
4294967270
4294967272
        27
        25
         3
4294967262
        30
4294967261
4294967283
        25
         8
4294967272
4294967271
4294967264
4294967270
4294967284
        32
        31
4294967265
        19
        12
        40
4294967271
        29
         9
4294967272
        25
4294967267
        23
4294967276
4294967267
4294967275
4294967261
        25
4294967260
4294967277
        32
        34
        24
        21
4294967266
        18
        29
4294967265
        39
        30
4294967283
        26
        31
        33
        29
        25
        19
4294967264
        30
         9
4294967289
        32
        31
4294967262
        35
4294967260
        27
4294967266
4294967269
        25
4294967258
        30
        14
        27
4294967282
4294967267
        31
4294967267
4294967273
        17
4294967278
4294967276
        26
        28
4294967268
4294967261
        30
4294967262
4294967273
        15
4294967270
4294967261
4294967265
4294967257
        22
4294967267
        24
        32
4293506831
4294070420
4293764532
4293860448
4293299397
4294128248
4293634907
4292962678
4293190781
   1169059
4293279067
4294674694
4292982220
4294260677
   1083262
4293588906
   2041571
   1334422
   1797353
4293551291
4293626668
4294100686
4293928820
4292995041
   2154654
   1027552
   1239471
    986400
   1084485
4293558519
   2066132
4293670062
4294276229
   1717246
4293391334
4294015881
    798628
   1796285
   1324803
   1845434
   1927972
   1696536
   1270197
   1051913
   1715919
    883107
   1854003
    881665
    867685
    860513
    262144
   3486706
  26216856
  65231007
  95374556
 439059881
1662217860
   1026983
4293117328
4293388968
   1622356
4293497012
   1359741
4293447321
4292800101
   1011587
   1765138
4293288159
    705402
4293506390
4293932760
4293960349
4293815903
   1602565
   1163898
4293220998
   1845543
4293199081
   1041682
4293873927
4293235027
4293258150
   1151098
4293827450
   1695509
4293611872
4293368435
   1399586
   1480809
4293757211
    977899
   1460840
   1832094
   1360046
   1970275
   1467610
4293326227
4293751476
4293960042
4293001928
      1059
4294965376
      1081
      1888
4294965939
4294965753
       446
      1715
      1863
4294965287
      1883
      1490
4294966336
      1725
      1315
4294965412
4294966260
       900
      1646
4294965824
      1057
       973
      1493
4294965711
      2083
4294966677
4294965488
4294965443
4294965770
4294965643
      1014
      1312
       855
4294965394
4294965810
      1404
4294966994
      1441
      1754
4294966785
      1608
4294965336
4294965880
4294965532
      1065
      1147
      1733
4294966490
      1387
      2170
4294965593
4294965316
4294967010
4294965089
      1941
      2059
      1234
      1570
      1822
       353
4294965893
4294965429
       868
      1181
      1089
      1976
4294966647
      1961
      1405
4294965881
4294965530
      1586
       222
4294965542
4294965601
      1163
4294965740
      1636
      1636
4294965536
      2017
      1230
4294965363
4294965699
4294966409
      1837
      1214
4294965144
      1287
      1340
4294965725
      1656
4294965410
      1933
      1917
4294966376
      1656
4294965271
      1809
      1768
4294966346
       967
       953
      1109
       737
       858
       878
       639
         0
      7016
     12299
     25645
     77180
    510583
   1484100
   6656982
  17555182
  89613479
 178819087
 338338836
 907846530
1358496276
4294966368
       669
       971
4294966056
4294966166
4294966326
4294966282
4294966459
       658
4294966837
       940
4294966351
4294966255
4294966857
4294966509
4294966263
4294966239
       370
      1085
4294966461
4294966363
4294966035
       641
4294966033
       981
       480
4294966387
4294967034
4294966261
4294966137
4294966299
       761
       875
4294966549
4294966185
4294966321
       823
4294966433
4294966116
4294966101
4294966356
4294966263
       630
       907
       621
       773
4294966533
       809
4294966753
       753
       933
       657
4294966375
4294966197
       964
4294966477
4294966552
4294966634
       788
4294966494
       598
4294966193
       903
4294966843
       489
      1055
      1146
       830
4294966350
       465
       809
4294966830
4294966322
       848
4294966353
4294966794
4294966279
4294966344
4294967265
4294967270
4294967267
4294967263
4294967262
        27
        25
        30
4294967264
        30
4294967266
4294967265
        33
        31
        27
        27
4294967266
4294967268
4294967269
        33
        30
        33
        24
4294967272
4294967270
        23
        33
4294967271
4294967266
4294967275
4294967271
        34
4294967265
4294967273
4294967279
4294967263
        18
        32
4294967279
        27
        29
4294967281
        31
4294967270
        29
4294967267
4294967275
4294967267
4294967265
        19
4294967265
        28
4294967266
        15
4294967280
4294967268
        28
        28
4294967269
4294967266
4294967275
4294967264
        24
        25
4294967277
4294967265
        15
        31
        28
         0
        32
        97
       934
      1538
      5140
     21226
     38195
    112362
    193294
    375680
    719956
   1320851
   4298834
  21269675
  54263225
  87256419
 279309679
1392613027
1676429804
        32
        30
        32
        31
        26
4294967274
        32
        27
        34
4294967278
4294967265
2147483644
2147483652
2147483643
2147483652
2147483642
2147483660
2147483641
2147483676
2147483652
2147483644
2147483652
2147483652
2147483640
2147483645
2147483651
2147483655
2147483653
2147483652
2147483642
2147483645
2147483644
2147483657
2147483643
2147483651
2147483637
2147483641
2147483632
2147483643
2147483652
2147483652
2147483644
2147483643
2147483645
2147483669
2147483653
2147483639
2147483641
2147483644
2147483641
2147483652
2147483653
2147483651
2147483644
2147483656
2147483655
2147483651
2147483656
2147483642
2147483644
2147483658
2147483652
2147483653
2147483643
2147483645
2147483656
2147483652
2147483652
2147483644
2147483634
2147483642
2147483640
2147483653
2147483652
2147483652
2147483644
2147483653
2147483645
2147483644
2147483644
2147483652
2147483654
2147483652
2147483644
2147483652
2147483652
2147483644
2147483644
2147483644
2147483656
2147483645
2147483643
2147483642
2147483644
2147483643
2147483641
2147483640
2147483653
2147483654
2147483644
2147483645
2147483652
2147483642
2147483642
2147483644
2147483643
2147483643
2147483644
2147483644
2147483641
2147483641
      2197
      4096
4294960913
      5588
4294961092
      6495
      7018
4294963952
4294960985
      5189
      3551
4294962404
4294961880
      3816
4294960674
      6686
4294962150
4294961047
4294962846
4294963440
      6504
      5057
      4287
      3585
4294965386
4294963918
4294964816
      4530
      3835
      4610
4294962431
      3111
4294962704
      6327
      3139
      2531
      6146
4294963473
      7185
4294960855
      2821
      5073
4294962366
4294961845
4294961434
4294962888
      1975
      3303
      5305
      5215
4294960145
      5812
4294961876
      6443
4294963351
4294963909
4294963649
4294961644
4294961496
      4719
4294960971
4294966095
      3413
      3077
      1444
4294965918
4294963302
4294965417
4294961953
      4841
      3750
4294961732
4294965309
      3620
      3134
      6664
      4008
      3786
      6222
      5619
4294961735
4294963094
      5562
      4268
4294962141
      5156
      4102
      3507
      5733
4294962590
      4261
      5395
      5347
      3742
      3409
      3124
4294962567
4294962481
      4471
4294961042
2147483651
2147483650
2147483646
2147483646
2147483651
2147483650
2147483653
2147483651
2147483646
2147483650
2147483645
2147483652
2147483645
2147483650
2147483653
2147483645
2147483645
2147483644
2147483650
2147483644
2147483646
2147483645
2147483644
2147483651
2147483659
2147483643
2147483650
2147483645
2147483651
2147483650
2147483646
2147483650
2147483644
2147483651
2147483645
2147483645
2147483651
2147483646
2147483652
2147483646
2147483650
2147483650
2147483644
2147483646
2147483654
2147483646
2147483644
2147483651
2147483651
2147483644
2147483654
2147483653
2147483651
2147483646
2147483646
2147483651
2147483644
2147483645
2147483652
2147483650
2147483646
2147483646
2147483650
2147483650
2147483646
2147483645
2147483650
2147483645
2147483650
2147483643
2147483651
2147483645
2147483645
2147483652
2147483651
2147483645
2147483646
2147483651
2147483651
2147483646
2147483645
2147483651
2147483644
2147483652
2147483645
2147483651
2147483646
2147483642
2147483644
2147483645
2147483645
2147483650
2147483644
2147483646
2147483651
2147483646
2147483650
2147483646
2147483644
2147483651
2147523239
2147529187
2147508171
2147461309
2147522305
2147510700
2147460611
2147456857
2147458875
2147465002
2147461703
2147509792
2147451327
2147507711
2147511209
2147428836
2147511286
2147465997
2147457754
2147459700
2147503018
2147451422
2147458525
2147460383
2147520231
2147459860
2147507995
2147444038
2147464450
2147538957
2147460617
2147506036
2147501348
2147539721
2147517278
2147510413
2147426460
2147463270
2147454381
2147452861
2147532699
2147507694
2147449798
2147461236
2147515396
2147460118
2147458240
2147507455
2147514381
2147505365
2147532312
2147459128
2147502420
2147446845
2147532080
2147464617
2147436758
2147512851
2147511256
2147456514
2147512266
2147513008
2147520861
2147453328
2147420106
2147453729
2147522605
2147542542
2147509404
2147460289
2147503496
2147532497
2147508791
2147506655
2147511936
2147457929
2147458704
2147516118
2147507412
2147507677
2147464766
2147511743
2147461602
2147460178
2147456096
2147536166
2147459529
2147439540
2147460075
2147459743
2147504810
2147463209
2147461175
2147457003
2147509267
2147422360
2147457791
2147461825
2147528092
2147532208
2147483647
2147483649
2147483647
2147483649
2147483650
2147483647
2147483647
2147483649
2147483646
2147483645
2147483650
2147483650
2147483650
2147483650
2147483649
2147483650
2147483650
2147483647
2147483652
2147483649
2147483649
2147483650
2147483646
2147483646
2147483650
2147483650
2147483646
2147483651
2147483650
2147483650
2147483649
2147483650
2147483649
2147483649
2147483650
2147483650
2147483649
2147483650
2147483647
2147483649
2147483649
2147483649
2147483650
2147483647
2147483647
2147483649
2147483650
2147483658
2147483647
2147483651
2147483646
2147483649
2147483649
2147483647
2147483649
2147483646
2147483651
2147483652
2147483646
2147483647
2147483649
2147483651
2147483650
2147483650
2147483647
2147483649
2147483645
2147483649
2147483647
2147483650
2147483649
2147483650
2147483649
2147483646
2147483651
2147483649
2147483650
2147483650
2147483649
2147483647
2147483650
2147483646
2147483644
2147483646
2147483649
2147483651
2147483650
2147483649
2147483649
2147483646
2147483649
2147483647
2147483650
2147483647
2147483646
2147483649
2147483647
2147483650
2147483649
2147483647
2147467863
2147511801
2147469199
2147473671
2147470808
2147433472
2147504314
2147458797
2147460576
2147497603
2147472218
2147472489
2147469158
2147505384
2147465010
2147467657
2147494845
2147471985
2147460133
2147470514
2147470052
2147467785
2147498902
2147505308
2147468548
2147470190
2147464367
2147495929
2147462085
2147446742
2147469495
2147456449
2147471131
2147515976
2147464136
2147472399
2147498381
2147494190
2147469361
2147499024
2147496795
2147495797
2147469530
2147495959
2147494223
2147496242
2147495296
2147499980
2147469439
2147511548
2147470497
2147469379
2147499504
2147469201
2147469603
2147497928
2147472543
2147499441
2147467582
2147460911
2147494494
2147472170
2147467525
2147501489
2147469755
2147465354
2147502991
2147471551
2147497480
2147473395
2147460280
2147495865
2147467474
2147471676
2147507778
2147503100
2147463245
2147461952
2147499741
2147469260
2147505709
2147471761
2147471710
2147472070
2147495529
2147471831
2147469334
2147467715
2147495444
2147495858
2147451279
2147505970
2147498584
2147493957
2147468817
2147458562
2147494986
2147504456
2147468351
2147498653
2147490462
2147476653
2147491987
2147490170
2147491539
2147491498
2147476765
2147490077
2147467680
2147475450
2147475822
2147494390
2147489832
2147494982
2147495818
2147472265
2147490651
2147476042
2147494093
2147492047
2147475551
2147493955
2147476586
2147490779
2147465170
2147477211
2147492640
2147490429
2147491857
2147491763
2147475859
2147489503
2147477831
2147490111
2147496906
2147477507
2147473683
2147472401
2147497492
2147477522
2147501781
2147489979
2147475683
2147491035
2147454249
2147491071
2147489638
2147477135
2147475167
2147477081
2147493893
2147489833
2147467180
2147457551
2147469840
2147456641
2147477924
2147473970
2147494138
2147494595
2147494773
2147490443
2147476594
2147476326
2147491962
2147476253
2147491807
2147477501
2147474676
2147470350
2147493171
2147477183
2147477578
2147493012
2147490889
2147477156
2147493652
2147475797
2147476141
2147490863
2147473972
2147473990
2147490038
2147491479
2147474302
2147476646
2147495018
2147476090
2147475424
2147477077
2147491141
2147475732
2147494205
2147476911
2147474609
2147476888
2147476939
2147470487
2147475923
2147490165
2215586096
2267274541
2227731500
2016268378
2218886361
2210079540
2213114118
2243222409
2258026722
2060640861
2205014799
2062294665
2217805582
2018277878
2031870507
2041412456
1932563083
2042957522
2082202977
2345486652
2248536085
2034402686
2054457687
2082737877
2240228877
2072739472
2084257178
2206849813
2058185968
2066664161
2231120179
2065613200
2261365667
2031614862
2239056563
2084789504
2061396725
2067225388
2228877010
2205483030
2053335102
2031405672
2208601439
2067568886
2260169487
2232364017
2209088711
2052564208
2079457341
2056735644
2066060734
2227143112
2042765092
2218624347
2040717037
2269512243
2231641404
2089915805
2228257485
2222130085
2075745443
2079153231
1963635751
2213656840
2253414905
2245067296
2034946481
2285406293
2077140031
2216555539
2207720115
2047499774
2276362159
2053845097
2276975101
2247885285
2204806096
2087923245
2059260639
2081574523
2368690209
2231080378
2013265830
2247133693
2228462262
2072331279
2059147451
2212007487
2206820312
2040124152
2245887554
2211048343
2082147098
2207747806
2213478225
2226097486
2213165334
1977525973
2206987679
2030318366
      4735
4294961732
      4438
      3745
      5565
4294961786
      5719
      3695
4294962110
4294964404
      5339
      3172
      5722
      6252
      5479
4294963661
      5599
      3716
      4898
      3973
4294962200
      5058
4294963934
      6194
      4275
4294962593
      4944
4294962911
4294962111
4294961140
      4508
4294961433
      5640
      3867
      4796
      6082
4294961309
      4609
      1854
4294961668
      2200
      6185
      5233
      3552
      4797
      5040
      1610
         0
      6259
     37763
    233498
    479220
    961807
   2582156
  14855976
  31690822
 110050529
 360381089
1326337084
1835412051
      2705
      4714
      3305
4294961425
4294961794
      4860
4294962362
      5933
      6298
      6107
      4466
      4205
      5352
      6282
      3167
4294961060
4294964066
      6277
      3566
4294962195
4294961354
      3231
      5339
      4844
      5002
      6258
      6312
4294963165
4294961017
4294961154
      4179
4294961168
4294962988
      4439
4294961719
      4258
      4125
4294961687
      4730
4294961078
2147483647
2147483647
         0
         0
         0
         0
         0
         0
         0
         0
         0
         0
         0
         0
         0
         0
         0
         0
         0
         0
         0
         0
         0
         0
         0
         0
         0
         0
         0
         0
         0
         0
         0
         0
         0
         0
         0
         0
         0
         0
         0
         0
         0
         0
         0
         0
         0
         0
         0
         0
         0
         0
         0
         0
         0
         0
         0
         0
         0
         0
         0
         0
         0
         0
         0
         0
         0
         0
         0
         0
         0
         0
         0
         0
         0
         0
         0
         0
         0
         0
         0
         0
         0
         0
         0
         0
         0
         0
         0
         0
         0
         0
         0
         0
         0
         0
         0
         0
         0
         0
    897518
    790828
    731570
    905245
    723151
   1061985
    972402
   1126379
    719355
   1050474
    577355
    538619
    691966
   1591088
   4181740
  25671565
  87822766
 504984764
 689261840
1422874960
4294663148
    846406
    949296
    786498
    407854
4294614173
    903088
    818355
   1038600
4294086516
   1043304
4294271130
4293795102
   1080258
4294039142
4294029388
    466660
4293897896
4294090662
4293959573
4294848600
4294040423
4294126836
4294166322
4294300541
    962328
4293929896
   1080804
    981152
4294553351
4293846032
    607056
    821010
4294082526
4294598910
4294152140
    202583
    375082
4294411027
    509682
4294464992
4294093094
    928428
4294128184
   1111736
4293964429
   1108572
4294101238
    957012
4294097076
    184868
    929239
4294568195
    764396
    941300
4294154316
    957034
    837648
    796160
4294049119
4294215728
4294273928
    836620
4294294258
    215537
    480920
4294081316
    933717
4293929854
4294078352
    942965
    958198
4293962882
4293945384
4293830384
    687282
4294051276
4294367740
    970056
4293884584
4294948075
4294942220
4294933654
4294933850
4294947904
     33776
4294941888
     32680
4294950556
4294941579
4294945093
     33870
     22568
     26334
     19600
     18526
4294934274
4294934232
4294937922
4294943578
     31527
     21164
4294943090
4294938621
4294935634
     23868
4294935193
     32880
4294938477
     29426
     31900
4294934082
     26775
4294944802
     26950
     29010
     32974
     30177
     21184
4294933988
4294945939
4294934460
4294938347
     26624
4294934310
     32324
4294939184
     28231
     30936
4294953114
4294953901
4294937007
4294946482
4294937915
     30984
     15374
     25724
4294936640
4294937014
4294944671
     23378
     19490
4294934982
     27740
     26794
     23210
     25532
     21612
     30944
     27582
     29289
     26898
     32752
     27024
     19665
     33223
     15528
     21289
      6774
      8192
     13218
     60918
    211748
    338690
    829978
   1475080
   4159504
   5621826
  12925490
  29562150
  42718839
  95126848
 409976608
1388842296
1355716504
     30688
4294935732
     28572
     30315
     25070
     59202
     45166
     60236
     57466
     46224
     59316
     57468
4294907444
     34736
     56706
4294933802
4294917238
4294915352
     43322
4294908820
     38974
4294927956
     57146
4294917958
4294909668
     58128
     53154
     58100
     53080
4294917360
4294909350
     33262
     55786
     50580
     24114
4294908954
     56082
4294919638
     60130
4294945165
     43478
     46478
4294914124
     60174
     49720
     45184
     54746
4294912074
4294915716
     36838
4294908602
4294914504
4294916154
4294947442
4294934422
     57334
4294914476
4294939346
     40990
4294911774
     56866
4294913244
4294916840
4294909668
     49520
4294919884
     57978
     50890
     59218
4294913022
     54972
4294921070
4294922274
4294934366
4294921386
4294913264
     60762
     50612
     54532
     53734
     54660
     53256
4294911320
     37796
4294907294
4294916052
     26720
     53670
     50658
4294910692
     58488
4294938196
     47310
     28721
4294922502
4294928196
     45086
     50268
4294913792
4294915766
4294907348
4294934188
4294915436
     49270
4294914664
2147483650
2147483650
2147483651
2147483646
2147483650
2147483650
2147483646
2147483645
2147483645
2147483656
2147483646
2147483651
2147483643
2147483652
2147483651
2147483645
2147483652
2147483646
2147483644
2147483646
2147483646
2147483652
2147483646
2147483642
2147483645
2147483646
2147483651
2147483650
2147483641
2147483652
2147483644
2147483651
2147483629
2147483645
2147483650
2147483651
2147483650
2147483646
2147483645
2147483646
2147483646
2147483651
2147483646
2147483645
2147483650
2147483645
2147483645
2147483651
2147483650
2147483650
2147483651
2147483646
2147483650
2147483644
2147483646
2147483644
2147483650
2147483650
2147483651
2147483651
2147483651
2147483645
2147483646
2147483646
2147483646
2147483645
2147483650
2147483650
2147483651
2147483646
2147483650
2147483650
2147483650
2147483650
2147483645
2147483642
2147483651
2147483651
2147483651
2147483644
2147483645
2147483650
2147483646
2147483646
2147483645
2147483646
2147483646
2147483645
2147483646
2147483644
2147483646
2147483655
2147483653
2147483641
2147483652
2147483646
2147483642
2147483646
2147483651
2147483651
2147483426
2147483933
2147483834
2147483847
2147483863
2147483429
2147484030
2147484149
2147483411
2147483246
2147483401
2147483295
2147483430
2147484034
2147483943
2147483328
2147484061
2147483434
2147483393
2147483868
2147483463
2147483147
2147483249
2147483429
2147483395
2147483952
2147483903
2147483844
2147483852
2147483876
2147483925
2147483455
2147483890
2147483907
2147483848
2147483342
2147483928
2147483453
2147483977
2147483879
2147483257
2147483425
2147483430
2147483301
2147483870
2147483411
2147483885
2147483877
2147483416
2147483415
2147483395
2147483965
2147483445
2147483836
2147483384
2147482795
2147483383
2147484007
2147483434
2147483986
2147483965
2147483923
2147483856
2147483955
2147483870
2147483378
2147483879
2147483831
2147483948
2147483396
2147483914
2147484015
2147483994
2147483280
2147483351
2147483853
2147483396
2147483424
2147483431
2147483353
2147483887
2147483315
2147483897
2147483455
2147483404
2147482629
2147484059
2147483325
2147485235
2147484053
2147483836
2147483142
2147484007
2147483415
2147483885
2147483869
2147483877
2147483420
2147483418
2147483397
         0
         0
         0
         0
         0
         0
         0
         0
         0
         0
         0
         0
         0
         0
         0
         0
         0
         0
         0
         0
         0
         0
         0
         0
         0
         0
         0
         0
         0
         0
         0
         0
         0
         0
         0
         0
         0
         0
         0
         0
         0
         0
         0
         0
         0
         0
         0
         0
         0
         0
         0
         0
         0
         0
         0
         0
         0
         0
         0
         0
         0
         0
         0
         0
         0
         0
         0
         0
         0
         0
         0
         0
         0
         0
         0
         0
         0
         0
         0
         0
         0
         0
         0
         0
         0
         0
         0
         0
         0
         0
         0
         0
         0
         0
         0
         0
         0
         0
         0
         0
      1489
       864
       877
      1180
       733
      1102
      1413
       856
       707
      1420
       728
      1054
       973
      1320
      1039
       622
       796
      1607
      1816
       890
       950
       999
       572
       591
       806
       582
       575
       624
      1362
       707
       968
       819
       801
       711
       724
      1273
       734
       870
       721
      1984
       862
       554
      1914
       689
       840
      1293
       991
       675
       902
       848
       642
      2442
       739
      1471
       982
       990
       827
       993
       664
      1727
       672
       618
       943
      1444
       671
       613
      1297
       615
       780
      1342
       943
       844
       778
       882
      1740
      1317
       631
       991
       596
       870
       586
      1266
       787
       948
      1022
       845
       768
       814
      1221
      1128
      2658
      1459
       693
       961
       697
       629
      1113
      1270
       715
      1016
       216
       240
       370
       234
       287
       528
       214
       208
       198
       222
       303
       298
       482
       196
       225
       237
       302
       354
       231
       309
       342
       212
       222
       215
       821
       592
       311
       221
       662
       232
       278
       238
       225
       217
       195
       301
       217
       305
       196
       267
       214
       194
       769
       251
       364
       387
       194
       223
       417
       217
       220
       246
       300
       618
       227
       308
       238
       301
       367
       318
       216
       225
       251
       252
       637
       222
       455
       326
       397
       331
       227
       276
       272
       252
       433
       241
       575
       333
       443
       245
       375
       232
       257
       223
       231
       195
       239
       187
       373
       187
       237
       285
       366
       193
       502
       204
       200
       225
       199
       180
 165754431
  82849247
  70568063
 115064287
 111049567
  79950335
  94355871
 104542207
  58304415
  58185263
  66308543
  62342303
  81688575
 448827647
  62070751
 139832831
 183461407
 102535807
  56340479
  66356159
  68242559
  77893631
  86581247
  81998335
 115186687
  78038399
  63552671
  66144319
  76048895
 128015551
 123073343
 140894719
  81732287
 116476927
  80203359
  65319663
  89257983
  61222799
  97692671
  65835503
  83639167
  87306111
  66905823
 115554879
  62474111
  88412415
  98122751
  56903247
 159218687
  63588191
  66445263
 104837247
  64465151
  90775231
  62327983
 100546751
  61747583
 107639807
  66554719
 114035327
  87375039
  90458751
  98556415
  97617951
 204582911
  83000959
  88012287
  80879615
  99363359
  99109887
 124628351
  65771711
 123500543
  87813375
 157517567
  99429759
  94542207
 143575039
 198079359
  60016607
  76095295
 113963263
 129861647
 199936127
  66407871
 101365567
  82893759
 155270143
  79101183
 211749375
  78097983
 105730879
  61518847
 109907839
  64256415
  75306623
  57344719
  60616991
  97787967
  66608831
         0
         0
         0
         0
         0
         0
         0
         0
         0
         0
         0
         0
         0
         0
         0
         0
         0
         0
         0
         0
         0
         0
         0
         0
         0
         0
         0
         0
         0
         0
         0
         0
         0
         0
         0
         0
         0
         0
         0
         0
         0
         0
         0
         0
         0
         0
         0
         0
         0
         0
         0
         0
         0
         0
         0
         0
         0
         0
         0
         0
         0
         0
         0
         0
         0
         0
         0
         0
         0
         0
         0
         0
         0
         0
         0
         0
         0
         0
         0
         0
         0
         0
         0
         0
         0
         0
         0
         0
         0
         0
         0
         0
         0
         0
         0
         0
         0
         0
         0
         0
  14548990
  16318461
  10223611
   9666542
   7421911
  13172535
  15990424
  15793468
  24244336
  10602368
  15117440
  13121280
  20027392
  15130624
  11411456
   3145728
         0
  77234176
 499908608
 621674496
1562509312
4278976512
4291162112
   3600384
4282187776
4287184896
4283924480
  13565952
4283236352
4287447040
4287053824
4279238656
4271767552
  21889024
4282580992
  11665408
4278845440
4281794560
  16580608
   8454144
4274782208
  18874368
4279959552
4278845440
4280156160
4283957248
4281925632
4275175424
4282712064
4283432960
4290347008
  13893632
   7585792
4281073664
   9175040
  11501568
4273864704
  15040512
   8257536
4280156160
4279500800
4286922752
4279500800
4279762944
  16908288
  25296896
   5242880
4279566336
  23986176
  12713984
  21364736
4273471488
4279500800
  16252928
  22937600
4281401344
4282515456
4282417152
  21626880
  15925248
   7143424
4277927936
  16056320
4270850048
  15990784
  16777216
4270981120
  12124160
  25296896
  12976128
  16285696
  16515072
4277927936
4281008128
4272816128
4283039744
4278190080
  15073280
4280287232
  18874368
  10092544
  11141120
   8192000
4286447616
4285923328
   6422528
   5832704
  10616832
  10223616
4286971904
   8650752
   9961472
   6356992
   6717440
   9568256
4284743680
4287561728
   7929856
   7864320
  11141120
4286644224
4285005824
4284874752
4285399040
4284088320
  11010048
   8323072
   9175040
   2093056
4288446464
   4227072
   7962624
4285136896
4284743680
   7798784
   6455296
   8388608
4285792256
4286578688
   6619136
   7471104
4288184320
4288315392
4292157440
  11010048
   7307264
  10878976
4288086016
   7274496
4286316544
4285792256
4284350464
   7831552
4288708608
  10616832
4286054400
4284350464
4287627264
   9306112
4284219392
   6717440
   8323072
   7372799
  10747897
   9568247
   8191954
   9830250
   9567964
   9436608
   8911808
  10482176
  10478592
   7278720
   8323072
  10772480
  10534912
   5160960
   4587520
         0
  37584896
 234225664
 475529216
1311866880
4283957248
  10616832
4285399040
   8388608
4285136896
   6750208
4287135744
   5865472
4284874752
4287234048
  10354688
4284481536
   7798784
   9043968
4284088320
4283826176
4287463424
2147446977
2147515413
2147557841
2147418820
2147440164
2147590488
2147451621
2147438021
2147445929
2147546928
2147424724
2147520759
2147524304
2147443875
2147540899
2147429608
2147446286
2147548032
2147434438
2147548985
2147438871
2147546569
2147432447
2147526326
2147548522
2147321417
2147443328
2147687006
2147443616
2147523851
2147583438
2147564234
2147392536
2147435301
2147420256
2147444748
2147517036
2147445856
2147519137
2147442623
2147437410
2147445586
2147446340
2147543483
2147419536
2147522913
2147415677
2147516937
2147529901
2147532793
2147520369
2147443442
2147573309
2147547973
2147392453
2147634081
2147522439
2147519778
2147431474
2147445266
2147333795
2147516965
2147440717
2147548463
2147436111
2147519688
2147632806
2147514845
2147519120
2147542863
2147435896
2147527536
2147624154
2147446144
2147439235
2147435101
2147438953
2147443312
2147424119
2147524240
2147300174
2147548661
2147522887
2147445466
2147416287
2147425136
2147556891
2147439639
2147539619
2147524335
2147426883
2147541898
2147442742
2147432363
2147538676
2147529621
2147528230
2147608265
2147307331
2147522961
2147205755
2147743151
2147840945
2147710960
2147760950
2147060763
2147218344
2147246791
2147720922
2147117872
2147058060
2147076756
2147047424
2147207127
2147708688
2147774399
2147753015
2147104000
2147743134
2147736193
2147888667
2147276734
2147287852
2147732745
2147173237
2147675352
2147709241
2147744012
2147919556
2147259748
2147013848
2147264964
2147255088
2147769533
2147773285
2147791481
2147249292
2147736288
2147066883
2147285116
2147717037
2147711330
2147265342
2146976759
2146494014
2147782236
2147740420
2147249108
2147821701
2147679817
2147168952
2146840980
2148221812
2147777036
2147861520
2147670255
2147159323
2147742371
2147285436
2147714561
2147877193
2147196473
2147213544
2147229124
2147819554
2147702081
2147128502
2147739996
2147254696
2147278420
2147221945
2147878374
2147774348
2147834340
2147015442
2147045212
2147902897
2147075872
2146615148
2147254022
2147701182
2147940841
2146938379
2147690726
2147691661
2147693821
2147754547
2147251503
2147065610
2147283713
2147694194
2147727606
2147691822
2147972528
2147273513
2147278926
2147719766
2147763195
2146525680
2148093887
         0
         0
         0
         0
         0
         0
         0
         0
         0
         0
         0
         0
         0
         0
         0
         0
         0
         0
         0
         0
         0
         0
         0
         0
         0
         0
         0
         0
         0
         0
         0
         0
         0
         0
         0
         0
         0
         0
         0
         0
         0
         0
         0
         0
         0
         0
         0
         0
         0
         0
         0
         0
         0
         0
         0
         0
         0
         0
         0
         0
         0
         0
         0
         0
         0
         0
         0
         0
         0
         0
         0
         0
         0
         0
         0
         0
         0
         0
         0
         0
         0
         0
         0
         0
         0
         0
         0
         0
         0
         0
         0
         0
         0
         0
         0
         0
         0
         0
         0
         0
       859
       698
       583
       842
       560
       933
      2361
       683
      1847
       575
       734
       895
       677
       632
      1461
       667
       856
       782
      2034
       895
       917
      1073
      1606
       656
      1394
       694
       982
       949
       621
       773
      1859
      3258
      1928
      2350
       773
       818
       731
       934
       736
       877
       846
       724
      1191
       647
       753
       768
       844
       647
       939
       725
       812
       589
       655
       632
       720
       744
      1140
       823
      1231
       968
       646
       856
       833
       732
       715
       624
       862
       851
       813
      1087
       587
       758
      1790
       897
       570
       743
       893
       915
      1113
      1210
       810
       878
       751
       757
       749
       563
       823
       883
       744
       863
       710
       757
       566
      1020
       660
      4344
       870
      1814
      1745
      1719
         0
         0
         0
         0
         0
         0
         0
         0
         0
         0
         0
         0
         0
         0
         0
         0
         0
         0
         0
         0
         0
         0
         0
         0
         1
         0
         0
         0
         0
         0
         0
         0
         0
         0
         0
         0
         1
         0
         0
         0
         0
         1
         0
         0
         0
         0
         0
         0
         0
         0
         0
         2
         0
         0
         0
         0
         0
         0
         0
         0
         0
         0
         0
         0
         0
         1
         0
         0
         0
         0
         0
         0
         1
         0
         0
         0
         0
         0
         0
         0
         0
         0
         0
         0
         0
         0
         0
         0
         0
         1
         0
         0
         0
         0
         0
         0
         0
         0
         0
         1
       676
       498
       610
       971
       429
       405
       291
       462
       614
       673
       371
       719
       328
       419
       495
       477
       767
       510
       872
       508
       483
       821
       470
       438
       599
       490
       445
       478
      1219
       408
       874
       624
       432
       467
       510
       435
       927
       807
       721
       433
       483
       557
       594
       441
       806
       385
       499
       477
       617
       902
       499
       314
       871
       386
       312
       406
       569
       484
       502
       477
       412
       936
       521
       824
       506
       751
       407
       478
       429
       399
       620
      1416
       423
       656
       522
       413
       402
       415
       445
       416
       623
       414
       432
       429
       420
       314
       383
      1183
      1553
      1721
       402
       469
       598
       344
       464
       308
       458
       447
       442
       304
 402653183
 536870908
 536870904
 536870896
 402653088
 402652992
 536870400
 402650112
 234870784
 536838144
 536805376
 536739840
 536608768
 536346624
 535822336
 534773760
 390070272
 503316480
 201326592
 268435456
         0
 536870912
3758096384
3758096384
3758096384
 536870912
 536870912
3758096384
3892314112
4026531840
 402653184
3758096384
3892314112
3758096384
3758096384
 402653184
 536870912
3758096384
 536870912
4026531840
3758096384
3758096384
3758096384
3758096384
 536870912
3758096384
3758096384
 536870912
3758096384
 402653184
 536870912
3758096384
 536870912
3758096384
3892314112
3758096384
3892314112
 536870912
3758096384
3758096384
3758096384
3892314112
 536870912
 536870912
3892314112
3758096384
3758096384
 536870912
3758096384
3758096384
3892314112
 536870912
3758096384
3758096384
 536870912
 536870912
3758096384
3892314112
3758096384
 536870912
3758096384
 402653184
3758096384
3758096384
3892314112
3758096384
 536870912
 536870912
 268435456
 536870912
 536870912
 536870912
4026531840
 268435456
 536870912
3892314112
3758096384
3758096384
3892314112
3758096384
         0
         0
         0
         0
         0
         0
         0
         0
         0
         0
         0
         0
         0
         0
         0
         0
         0
         0
         0
         0
         0
         0
         0
         0
         0
         0
         0
         0
         0
         0
         0
         0
         0
         0
         0
         0
         0
         0
         0
         0
         0
         0
         0
         0
         0
         0
         0
         0
         0
         0
         0
         0
         0
         0
         0
         0
         0
         0
         0
         0
         0
         0
         0
         0
         0
         0
         0
         0
         0
         0
         0
         0
         0
         0
         0
         0
         0
         0
         0
         0
         0
         0
         0
         0
         0
         0
         0
         0
         0
         0
         0
         0
         0
         0
         0
         0
         0
         0
         0
         0
