         x
         x
         x
         x
         x
         x
         x
         x
         x
         x
         x
         x
    150648
        31
    154845
    247786
    123194
    174539
       889
      2140
    130176
    130176
    174195
    148980
      1209
      2834
      2783
    150074
      1690
       597
      2731
    124338
    148072
    123120
    124579
       235
    129428
      1948
    130158
    123070
    155367
    175327
       222
      2208
    128055
    130822
    149694
      1749
      2583
    152946
      3684
    173735
    123132
    178773
       227
      2426
    125657
    124170
    124627
       981
      2034
    127484
    153813
    152341
    173763
    152749
      1298
    130678
      1361
    129062
    153653
    126535
      1896
    255694
    174049
    125257
      8172
      1081
       282
    261900
    130322
       195
      1680
       722
      2483
    151331
    129865
      1881
    128702
      1742
      1836
      2444
    308251
      2152
      1894
    127168
      1979
      3259
    300006
      2536
      2087
      7811
    153326
      2647
      1699
    180014
    176923
    178317
       791
      2518
    175935
    123384
         0
         0
         0
         0
         0
         0
         0
         0
         0
         0
         0
         0
         0
         0
         0
         0
         0
         0
         0
         0
         0
         0
         0
         0
         0
         0
         0
         0
         0
         0
         0
         0
         0
         0
         0
         0
         0
         0
         0
         0
         0
         0
         0
         0
         0
         0
         0
         0
         0
         0
         0
         0
         0
         0
         0
         0
         0
         0
         0
         0
         0
         0
         0
         0
         0
         0
         0
         0
         0
         0
         0
         0
         0
         0
         0
         0
         0
         0
         1
         0
         0
         0
         0
         0
         0
         0
         0
         0
         0
         0
         0
         0
         1
         0
         0
         0
         0
         0
         0
         0
         0
         0
         0
         0
         0
         0
         0
         0
         0
         0
         0
         0
         0
         0
         0
         0
         0
         0
         0
         0
         0
         0
         0
         0
         0
         0
         0
         0
         0
         0
         0
         0
         0
         0
         0
         0
         0
         0
         0
         0
         0
         0
         0
         0
         0
         0
         0
         0
         0
         0
         0
         0
         0
         0
         0
         0
         0
         0
         0
         0
         0
         0
         0
         0
         0
         0
         0
         0
         0
         0
         0
         0
         0
         0
         0
         0
         0
         0
         0
         0
         0
         0
         0
         0
         0
         0
         0
         0
         0
         0
         0
         0
         0
         0
         0
         0
         0
         0
         0
         0
         0
   7190235
 704643072
 176160768
 179516211
 262843051
   5592405
   7190235
   5592405
 262843051
 176160768
         0
   7190235
   3355443
   5592405
 313174699
 179516211
 179516211
 179516211
 262843051
 179516211
 262843051
 313174699
 179516211
 176160768
 179516211
         0
   3355443
 176160768
 262843051
 179516211
 176160768
 313174699
 176160768
 301989888
   7190235
 179516211
 176160768
         0
 179516211
 176160768
   5592405
 313174699
 179516211
   3355443
 179516211
 251658240
         0
   7190235
 262843051
 251658240
   5592405
 251658240
 179516211
   5592405
   5592405
 251658240
 251658240
   7190235
   7190235
 179516211
   3355443
         0
 176160768
 262843051
 176160768
   7190235
 352321536
 179516211
 179516211
 251658240
 251658240
 313174699
 179516211
         0
 179516211
         0
 262843051
 262843051
   5592405
   3355443
 301989888
         0
 262843051
         0
   7190235
 179516211
         0
   3355443
 352321536
         0
 352321536
 251658240
         0
   7190235
 251658240
 179516211
 313174699
 176160768
 179516211
    129950
      2608
      2664
    258784
    149747
      2490
    175832
    351218
        11
    126671
        42
       778
    131025
    178944
    149637
    155439
       348
    153091
    130842
    128417
       679
    131062
    148598
    129530
    306543
    130885
       535
        64
      2307
    131053
    259227
      2228
    126361
        21
      1071
    357386
      2624
    155527
    174210
    150356
    130844
    123151
        16
      1848
      2819
    153700
      3508
    130875
    152062
    150083
    129504
    173164
      3880
    155620
      1788
    130372
    126388
      2707
      2585
      2655
      2454
      2212
    178543
    130549
       982
       631
    125498
    177874
       158
      2228
      2085
      2740
      2156
    310181
       561
    304108
      2040
      1348
      2362
      2663
       813
    247051
    150003
    129982
    127678
      2845
       491
    150509
    130477
    261196
    155242
    127040
      1086
      1955
      8133
    130989
    153971
    129750
      2368
    154458
         0
         0
         0
         0
         0
         0
         0
         0
         0
         0
         0
         0
         0
         0
         0
         0
         0
         0
         0
         0
         0
         0
         0
         0
         0
         0
         0
         0
         0
         0
         0
         0
         0
         0
         0
         0
         0
         0
         0
         0
         0
         0
         0
         0
         0
         0
         0
         0
         0
         0
         0
         0
         0
         0
         0
         0
         0
         0
         0
         0
         0
         0
         0
         0
         0
         0
         0
         0
         0
         0
         0
         0
         0
         0
         0
         0
         0
         0
         0
         0
         0
         0
         0
         0
         0
         0
         0
         0
         0
         0
         0
         0
         0
         0
         0
         0
         0
         0
         0
         0
  22556577
         0
  19543672
  22998767
  22519418
    179756
  19480212
  19250780
  19334718
  19054124
  22439526
  23052028
  19480212
  22801388
  22556577
  19410849
  32119539
  18937918
    754975
  19543672
    283399
  22897087
    959714
  22998767
  22826693
  33166071
  19334718
  19680965
  22199852
  18997730
    179756
  19205497
  19629343
   1014751
  45653386
  18937918
  19680965
  22918875
  22439526
  19512632
  22556577
  33337485
    499322
  19334718
  31923314
  19629343
  18874368
  18937918
  45653386
  38892637
  32455924
  19205497
    830947
  19205497
  18937918
  19680965
  19373690
  22747679
  22351225
    669304
  19680965
    536481
  19629343
  22396508
  22303495
  22874491
  22592047
  22775071
  22480446
  22439526
    727583
  22801388
  22351225
  22303495
  33337485
  45184093
  18997730
  19446319
  32967229
  31704004
  19107385
    754975
    638264
  19373690
  18874368
    898779
    331129
    571951
  19680965
  45316719
  22439526
  23017103
  32296141
  18997730
  22747679
  22519418
  19655660
  23052028
  19205497
  19054124
         1
        44
        30
        38
        38
        38
        37
         2
        38
        30
        36
        37
        36
        37
        36
        37
        37
        38
        43
        43
        87
        44
        75
        37
         3
        74
        38
         2
        44
        37
        38
         2
        38
        36
        30
        36
        37
        38
        38
        38
         2
         2
        38
        43
         1
        36
        38
        30
        43
         1
        38
        38
        37
        61
        43
        38
        37
         1
        38
        37
         0
        37
        43
        38
        37
         2
         1
         2
         1
        38
        37
        37
        37
         2
        38
        38
         2
        37
        37
        44
        36
        36
        38
        63
        30
        37
        72
        30
        37
         1
        36
        43
        37
        42
        43
        63
        43
        43
       121
        38
         0
         0
         0
         0
         0
         0
         0
         0
         0
         0
         0
         0
         0
         0
         0
         0
         0
         0
         0
         0
         0
         0
         0
         0
         0
         0
         0
         0
         0
         0
         0
         0
         0
         0
         0
         0
         0
         0
         0
         0
         0
         0
         0
         0
         0
         0
         0
         0
         0
         0
         0
         0
         0
         0
         0
         0
         0
         0
         0
         0
         0
         0
         0
         0
         0
         0
         0
         0
         0
         0
         0
         0
         0
         0
         0
         0
         0
         0
         0
         0
         0
         0
         0
         0
         0
         0
         0
         0
         0
         0
         0
         0
         0
         0
         0
         0
         0
         0
         0
         0
    155302
      1358
      2294
    123331
    129483
    173575
    127007
       830
      2724
       617
      1307
    179794
      2776
    259343
      2237
    129575
    129797
    128153
    129051
      2336
    129761
    155522
    179512
    150865
    127837
    129450
      2828
    178626
    177940
    149295
         4
    130082
    151937
    177309
    153028
    177057
      1103
      2032
       556
    150617
    126993
    125723
      2402
    126321
       952
    149343
    130287
      2809
    175375
      8153
    155052
    124826
      2845
    127928
    150880
    127168
    149013
       314
    128184
    130163
    149299
    128654
       773
      2625
    153996
    125532
    148990
    129525
    128430
    151415
    173443
    179152
    150359
    175597
    153278
      1520
    154748
    130377
    129102
    127676
    176828
    153116
      1315
       737
      1617
       663
      1869
    130914
      2750
    147990
    152272
    130741
    128588
      1134
      1878
      2535
    127645
    128603
    124486
    127672
         0
         0
         0
         0
         0
         0
         0
         0
         0
         0
         0
         0
         0
         0
         0
         0
         0
         0
         0
         0
         0
         0
         0
         0
         0
         0
         0
         0
         0
         0
         0
         0
         0
         0
         0
         0
         0
         0
         0
         0
         0
         0
         0
         0
         0
         0
         0
         0
         0
         0
         0
         0
         0
         0
         0
         0
         0
         0
         0
         0
         0
         0
         0
         0
         0
         0
         0
         0
         0
         0
         0
         0
         0
         0
         0
         0
         0
         0
         0
         0
         0
         0
         0
         0
         0
         0
         0
         0
         0
         0
         0
         0
         0
         0
         0
         0
         0
         0
         0
         0
         0
         1
        37
        15
         2
         1
         1
         1
         0
         1
         1
         0
        22
         1
         0
         1
         1
         0
        42
         1
         0
         0
         1
        22
        32
         1
         0
         0
         1
         1
         0
         1
         1
         1
         1
        22
         1
        16
         0
         1
        43
         1
        22
         1
         0
        21
         0
        21
         1
        37
         0
         1
         0
         0
        30
        22
        22
        37
         1
         1
         0
         1
         2
         0
         1
         1
         0
         0
         2
         1
        21
         0
         1
        11
         1
         0
        31
         1
        37
         0
         0
         1
        21
         0
         9
         1
         1
         1
         1
         1
        38
        43
        22
        38
         0
         0
        31
         0
         1
        11
    107871
   1404044
     51441
   1436276
     20877
     37279
   1404676
     18284
      4680
     43591
      9498
     32018
     50181
   1432136
     60746
     62524
   1440851
   1188759
      6623
      9260
      9013
   1414892
     21019
     47396
     33495
     42611
     22547
    102313
     20737
     26091
     18193
      8359
     34634
     62628
     25721
     31170
    688383
    694900
     58306
    693450
   1410174
      8638
     14791
     40766
     51453
     21618
   1418765
     44298
     35305
     63260
     61076
      9773
      1581
      7582
    699170
     21551
     79286
    695561
   1223082
    181896
      1111
     26276
    110528
     58463
   1432576
     39922
     23006
     19711
     19476
       478
   1419230
     23245
     30836
     50133
      7231
     44170
      1954
     23912
   1410768
     38588
     12243
      5483
     35048
     13363
      9331
     64692
     64808
     36569
     55178
     13132
     15217
   1436650
     23001
      9663
   1387864
     15789
     50010
     59661
   1240153
     59374
         0
         0
 268435456
 251658240
 218103808
         0
         0
         0
         0
 218103808
         0
         0
         0
  33554432
  33554432
         0
         0
         0
  33554432
  33554432
         0
 218103808
  16777216
 301989888
         0
  33554432
  33554432
         0
 268435456
         0
 218103808
         0
         0
         0
  33554432
  33554432
         0
         0
         0
         0
         0
         0
 251658240
 268435456
         0
  33554432
         0
 218103808
         0
 251658240
  33554432
 268435456
  33554432
         0
 251658240
  33554432
 268435456
         0
 301989888
         0
 301989888
 218103808
         0
         0
  33554432
 268435456
  33554432
 218103808
         0
 268435456
 301989888
 218103808
         0
 218103808
 218103808
 251658240
 301989888
         0
 218103808
         0
         0
 301989888
         0
         0
         0
 268435456
         0
 251658240
         0
 251658240
         0
         0
         0
 268435456
         0
         0
   8388608
         0
         0
  16777216
  43979503
    940541
  31749906
  78174687
  11524955
  38701066
  39006109
    187805
  22351225
  18515066
    315501
  37960318
  31704004
    357829
  30604592
    108741
  39306149
  16151558
  31689437
  31749906
     83886
    230323
  78648315
     61846
    973079
    529656
  22374161
  38598050
  38162259
  33009503
   1455167
  29926926
   1419777
  30900409
  46047649
      8160
  39330529
  38926911
   1719404
   1042396
  38392306
  37214168
  45621985
  22253113
  39135138
  39551633
  39742749
  37708663
  31122951
    354065
  22143458
  37531789
  33088954
  32515656
  46129120
  39117404
  31240333
  22905350
    342672
  22722778
    190955
    873453
   2853856
  37243328
  30766527
  43749128
  38762525
  44315730
  32983240
  31285050
    614317
  32635455
  21675408
    388361
  30824580
    660747
     32264
 150435703
  33495476
     50675
  45284656
  37936541
  38830745
   5708217
    517106
    534568
  31423992
  37924545
  39064376
  19886932
  44485397
  37264778
  31053481
    254346
  37332447
    283399
  30953313
  22113998
   1315640
  37921535
         0
         0
         0
         0
         0
         0
         0
         0
         0
         0
         0
         0
         0
         0
         0
         0
         0
         0
         0
         0
         0
         0
         0
         0
         0
         0
         0
         0
         0
         0
         0
         0
         0
         0
         0
         0
         0
         0
         0
         0
         0
         0
         0
         0
         0
         0
         0
         0
         0
         0
         0
         0
         0
         0
         0
         0
         0
         0
         0
         0
         0
         0
         0
         0
         0
         0
         0
         0
         0
         0
         0
         0
         0
         0
         0
         0
         0
         0
         0
         0
         0
         0
         0
         0
         0
         0
         0
         0
         0
         0
         0
         0
         0
         0
         0
         0
         0
         0
         0
         0
     70102
     36667
    165321
    126097
     66763
   4739815
     81447
     37723
     90743
      5943
    100164
     88007
   2790618
   5431120
     39720
   4106056
   5673238
   5603162
    203789
    316368
    112156
     63355
    363530
    192579
     70243
   4663090
     82026
    119102
     58672
      5170
  11194098
    243001
   4672685
    191366
     50224
    209823
      6628
     60783
     67532
   4570766
    124797
    130859
   5451362
    121801
   4757526
     82564
      4161
   5615857
    229391
   4542321
    214864
   2850098
    107821
     47294
     27936
     14182
    227838
   2844004
     64239
     62456
    184186
   8331200
    176686
     39041
    105160
   4661441
     87521
   4588859
     21915
     54034
     13174
     80282
     43511
    199961
     58862
   4844715
    180965
    121516
   5324831
   3923449
     24096
    118751
    393756
    296257
    161997
     56741
    103837
     55370
    142411
     85238
     33954
   4738697
     74219
    457525
    108258
    145041
    146745
    371649
    576992
   4156929
  82595525
  36909875
  18874368
 812017254
  13421773
 132120576
 402653184
 498154260
  92274688
 523965361
  24403223
  59652324
 477505378
   7456540
         0
  53687091
 244468005
 197132288
  48806447
 466711645
  72271084
  71056444
  16777216
  14913081
 109051904
         0
  86846765
  72271084
  12582912
  39146837
  49213167
 738197504
  41297762
 243269632
 444596224
  33554432
 413837995
 461373440
 899258778
 603979776
 695056091
  83886080
 564832939
 544614242
 563714458
 109051904
  27962027
  39475802
   8947849
 406381454
  36135542
 557003571
         0
  41297762
         0
   8388608
  12201612
  75497472
  86282825
   2581110
  13421773
 454510033
   4194304
 494927872
  36604835
  33554432
  86282825
  49213167
 599186286
  47934903
   9151209
  36909875
  86282825
  95869806
 704643072
 598817556
  48806447
 485014063
 872415232
   8388608
   6710886
 493729499
  22369621
         0
 599505852
         0
  92919966
  20971520
 116322031
         0
 603979776
  20971520
  10066330
 486539264
  46459983
 442918502
         0
  82595525
  33554432
  33554432
         0
         0
         0
         0
         0
         0
         0
         0
         0
         0
         0
         0
         0
         0
         0
         0
         0
         0
         0
         0
         0
         0
         0
         0
         0
         0
         0
         0
         0
         0
         0
         0
         0
         0
         0
         0
         0
         0
         0
         0
         0
         0
         0
         0
         0
         0
         0
         0
         0
         0
         0
         0
         0
         0
         0
         0
         0
         0
         0
         0
         0
         0
         0
         0
         0
         0
         0
         0
         0
         0
         0
         0
         0
         0
         0
         0
         0
         0
         0
         0
         0
         0
         0
         0
         0
         0
         0
         0
         0
         0
         0
         0
         0
         0
         0
         0
         0
         0
         0
         0
         0
         0
         0
         0
         0
         0
         0
         0
         0
         0
         0
         0
         0
         0
         0
         0
         0
         0
         0
         0
         0
         0
         0
         0
         0
         0
         0
         0
         0
         0
         0
         0
         0
         0
         0
         0
         0
         0
         0
         0
         0
         0
         0
         0
         0
         0
         0
         0
         0
         0
         0
         0
         0
         0
         0
         0
         0
         0
         0
         0
         0
         0
         0
         0
         0
         0
         0
         0
         0
         0
         0
         0
         0
         0
         0
         0
         0
         0
         0
         0
         0
         0
         0
         0
         0
         0
         0
         0
         0
         0
         0
         0
         0
         0
         0
         0
         0
         0
         0
         0
    269860
  19301799
     69240
   9329238
  18536213
     87899
    473936
    435728
  11152505
    159301
  22541306
     57828
    404748
   9537777
    393375
  22828821
  18437684
     98096
    126121
    572846
  22105774
   4911104
  16372051
     70527
    132258
    308410
    120526
  22354696
    848199
  18641629
    494804
  19059042
  18589757
    921329
  32882467
    559342
  15907496
    493967
    408365
  38344771
  31262910
     20365
  22462717
      2540
  21828916
    110339
    130082
  15375617
  18761727
    573694
    716134
    178202
     37012
    107582
     66320
   7453370
     55797
  10719414
  18529419
  22106597
    106213
  21913303
    261755
    307039
  18817167
  18845868
    312415
  18929112
    290650
  22278741
  11418977
  18799285
    313439
  15182782
    289632
     32604
  19045168
      8757
   9637649
  22540368
     68461
  22084702
   5443440
    790382
  14782756
  30334774
  15652270
  22242214
    638814
   1003222
    114957
  23013234
  15412119
  18815723
  18571933
  15203249
  38694901
     95400
   4787243
  19226670
        97
        75
       143
      9020
        37
      2724
       122
       220
       124
      7664
         8
        92
        71
      7761
       100
      7533
      9130
        72
        23
       161
        22
      2789
       182
      9471
       132
      7798
       182
       135
      7831
        26
        51
      7904
      7655
      4760
        31
        78
        15
      3852
      9367
        54
       274
        95
      8090
        34
         7
       219
        83
     10736
      9670
      3833
     11039
       131
       123
        64
        24
      4546
       144
        41
       148
      9269
        98
     10741
      5479
        20
       204
        27
      5396
        35
      5416
       142
       112
        63
      9575
         0
      7897
        84
        21
         1
       214
        80
      7398
       167
        60
       278
      5243
        49
      4699
         7
        25
       187
      7898
      7908
       243
        73
      7494
       247
         6
      7503
        72
     11069
         0
         0
         0
         0
         0
         0
         0
         0
         0
         0
         0
         0
         0
         0
         0
         0
         0
         0
         0
         0
         0
         0
         0
         0
         0
         0
         0
         0
         0
         0
         0
         0
         0
         0
         0
         0
         0
         0
         0
         0
         0
         0
         0
         0
         0
         0
         0
         0
         0
         0
         0
         0
         0
         0
         0
         0
         0
         0
         0
         0
         0
         0
         0
         0
         0
         0
         0
         0
         0
         0
         0
         0
         0
         0
         0
         0
         0
         0
         0
         0
         0
         0
         0
         0
         0
         0
         0
         0
         0
         0
         0
         0
         0
         0
         0
         0
         0
         0
         0
         0
      2222
        29
         8
        26
        46
        62
        54
      1328
        28
        14
         9
        81
       172
         2
        42
        13
         4
        95
         3
        67
        32
        29
        74
         3
         8
        23
        39
        73
         9
         1
        27
        10
        22
        25
        15
         7
        85
        28
         1
      2740
         1
        36
      2715
        13
         8
      1289
         5
        51
        29
        58
       107
        51
        16
        80
       129
        34
         0
        43
      2617
        72
        20
      2233
        43
        39
        50
        97
         3
       109
       208
      1342
        18
       102
         2
        27
        28
        10
         3
       103
       184
      1333
        10
        17
      2682
         6
      1337
      2644
         8
         2
        38
        23
        89
         0
        20
      1320
        68
        22
        51
      1302
        14
        17
     27168
     21312
     16928
     11520
     17696
      8672
      9568
     16800
      4992
     15168
      7808
     31008
     30080
      3776
     16896
      1248
       672
     17984
     11328
     10112
      9088
     53376
     25184
     18656
     14592
     65408
     21280
     13856
     27776
      3616
      7616
     17632
     14592
       736
      3264
      2432
      4096
     14752
     19264
     16992
     13408
     22400
     17952
      8064
     18496
     23552
     25248
     18528
     29952
      2848
     53888
      1216
      3296
     39936
      1984
      1056
     20736
       768
     24064
     10688
     24288
     13184
      7392
      3776
     23296
     17984
     14720
     25152
      7424
      7968
     27648
     20672
     40064
      6048
     26336
     18304
      1536
     26624
     16160
     31520
     10048
      8960
       128
     14624
      7488
     13120
     31040
      8480
     11712
      8032
     20192
     16320
     10720
      7872
      8640
      7904
     21152
      8288
     17152
     14656
         0
         0
         0
         0
         0
         0
         0
         0
         0
         0
         0
         0
         0
         0
         0
         0
         0
         0
         0
         0
         0
         0
         0
         0
         0
         0
         0
         0
         0
         0
         0
         0
         0
         0
         0
         0
         0
         0
         0
         0
         0
         0
         0
         0
         0
         0
         0
         0
         0
         0
         0
         0
         0
         0
         0
         0
         0
         0
         0
         0
         0
         0
         0
         0
         0
         0
         0
         0
         0
         0
         0
         0
         0
         0
         0
         0
         0
         0
         0
         0
         0
         0
         0
         0
         0
         0
         0
         0
         0
         0
         0
         0
         0
         0
         0
         0
         0
         0
         0
         0
     16564
    199814
  10778413
     36574
    135519
   9811355
   5445366
    142398
     71791
     44969
    199621
     72811
    123803
   5537235
    181380
      7275
  11159470
      2243
   7674329
   9549942
   7954567
     47147
  10977539
    318590
    175270
   4813019
     28335
   5716938
     30587
    162580
    230004
   5303937
    227103
    148411
   9662251
     72292
   2712396
     46403
   5333957
   5439327
   5396924
     18180
     49342
     47804
     56362
   5407853
     94514
  11350875
   7780754
     58703
     86117
    257784
     36569
    210243
    142329
   9879010
    112289
     51464
   2771762
    365944
   9837502
     17064
     57118
     66464
     27234
    372519
   9486849
    592085
     89982
     99513
   5306444
     35621
     46860
   5444080
   5511323
     85514
     54984
    201707
     78751
     60498
   9780236
   8084765
     54273
     71228
    147484
     22083
     56093
    213202
     91493
    161265
     38105
   9911989
    162209
     48748
   2829443
   5599503
    111648
    127553
   9402089
   5580031
      5888
      1742
       642
      1528
      3792
      4210
      1101
      1269
      2532
      2144
      2156
       334
      4600
      4180
      6444
      3152
       516
      1726
       954
      1918
       489
      7180
      2874
      2162
      5658
        18
       430
      3536
      7912
      3106
       390
      2077
      2824
       681
      1782
      6486
      3224
       751
      2108
       413
      5646
      4168
      3932
      1456
      1146
      8008
      5386
      7128
      5968
      7998
      4618
       460
      7280
      5148
       280
      4644
      1404
       406
      1304
      6590
      1930
      1074
      3850
       642
       358
      4936
       454
      2980
      4698
       326
      5994
      1930
       998
      2892
      6850
      8072
       896
      2108
      4506
       946
       440
      4896
      5138
      5574
      6756
     13240
      1578
     10856
       468
      3738
      2066
        56
      1264
      4072
       653
      7414
      4050
      5668
      1198
      7378
   5971394
   7309491
  14830099
   3861396
 148164254
  25605530
   7475921
   4401351
   1554589
   6468893
   1613542
   5052899
   3995376
  72373469
   5973751
  23743075
      5819
   4194304
   5809449
 116660519
   3952581
   1376501
   9460447
  11178467
    838392
   4941190
 117369370
   2977933
   2560589
   7029343
   7349339
  14318280
   6077461
   7951342
   3865757
 123914131
   7650266
   1331834
  12508677
   3388757
    109476
   5757668
   5371334
   6079436
   5287269
    311155
   9060668
   7348814
   2243858
   1414535
   4330656
 232901338
   7652457
   7273207
   7971783
    415474
   5496787
   9984948
    855210
  73482777
 113768873
     55417
  15604431
   1520615
   8822836
  15743355
  12378632
  20805058
  10224583
   5781514
   3423234
   3752143
   1152503
  72922511
  95418449
   6519407
   6944141
 125486008
  12704955
   2694005
   2765887
   8897008
   5576445
   2568681
   3798965
   4465174
   4558658
  15383288
   9179782
    650686
   5375268
   1777862
  31354848
   7616323
   4365232
   7535101
   1457033
   6347481
  96862085
    493825
    229597
    144940
    909372
    687943
    220721
    660533
    982590
  22093664
  15485509
    546183
  10728475
    176307
     74890
   8034445
    331367
     76293
    103540
     43221
    856670
    129889
    674955
    699474
    104840
    544652
  18605936
    425106
    201823
   1063470
  22471745
    458552
     20310
  18455915
    139855
    275844
    267077
    817744
     71579
    390330
    151217
  18839480
    436988
     30950
  22446818
    587835
  18591710
    345533
    495090
  22543661
    252491
    326354
    539926
  18609736
    424642
    302828
  19245752
    714547
  15683764
    193110
    828485
    677275
    262304
    289621
    190376
  10926843
    454097
  21755993
  21533198
  19119628
  22065835
  22244733
  22495859
    330367
  43484942
  18352366
     69358
     20117
     18842
    692292
    305502
   9413093
    588591
     35764
  19638842
    659396
    590115
  22789995
    301870
    392101
  22296330
    960027
  22521327
  15503574
   3159944
    318828
    486814
  18849494
  22398609
  11004080
    493855
    270444
         0
         0
         0
         0
         0
         0
         0
         0
         0
         0
         0
         0
         0
         0
         0
         0
         0
         0
         0
         0
         0
         0
         0
         0
         0
         0
         0
         0
         0
         0
         0
         0
         0
         0
         0
         0
         0
         0
         0
         0
         0
         0
         0
         0
         0
         0
         0
         0
         0
         0
         0
         0
         0
         0
         0
         0
         0
         0
         0
         0
         0
         0
         0
         0
         0
         0
         0
         0
         0
         0
         0
         0
         0
         0
         0
         0
         0
         0
         0
         0
         0
         0
         0
         0
         0
         0
         0
         0
         0
         0
         0
         0
         0
         0
         0
         0
         0
         0
         0
         0
 868988961
 926635530
 934092643
 942360138
 952900901
 878706176
    824902
 928733222
   3616541
 917345656
 983338081
 853821252
  22041351
 935643941
 685456666
   6155461
  26785366
 614432856
 931895526
   9496504
 990004769
   2033382
 957884814
 975486624
 899284598
 973175161
 955200724
 881096079
   8803565
 890798486
   3554441
 966866580
   2265444
    378746
 996953080
 954920364
 946738976
   1020174
  40868563
 964946119
 105377908
  16018589
 507195787
 924958997
 915299253
 930959908
1044669985
 841187999
  17778317
 960528629
  18123597
 928647219
 899565022
   8795402
   4500859
 831733620
 723060716
  31112334
  14635214
1050284924
 883448290
 503051151
 956026970
  28237632
 925554762
 925042338
 967540941
 963597319
 865145790
     90737
 507068283
   1729981
 975162164
  15929715
  22254772
  30229597
  20478527
  23660119
  27390107
  27797725
 999741574
 858902122
1031157180
1063333635
1017875173
   7438306
 946990645
   2521517
   1842215
1005128808
 976825563
   9800421
   4653791
 902961461
  26004639
   6043535
  25977727
 938876372
   9409253
   4350077
         0
         0
         0
         0
         0
         0
         0
         0
         0
         0
         0
         0
         0
         0
         0
         0
         0
         0
         0
         0
         0
         0
         0
         0
         0
         0
         0
         0
         0
         0
         0
         0
         0
         0
         0
         0
         0
         0
         0
         0
         0
         0
         0
         0
         0
         0
         0
         0
         0
         0
         0
         0
         0
         0
         0
         0
         0
         0
         0
         0
         0
         0
         0
         0
         0
         0
         0
         0
         0
         0
         0
         0
         0
         0
         0
         0
         0
         0
         0
         0
         0
         0
         0
         0
         0
         0
         0
         0
         0
         0
         0
         0
         0
         0
         0
         0
         0
         0
         0
         0
       219
        15
        38
       176
         9
       243
       249
       148
       129
        60
        10
       140
       163
       141
        99
        77
       224
        42
       127
       170
        52
        18
        19
        70
        28
        11
         6
        24
        95
        59
        44
        40
        40
       144
         2
       503
        42
        18
        75
        86
        37
        14
       135
         9
       144
        63
       172
         5
        68
        76
       208
       977
        16
       224
       123
       247
       193
        33
       195
        60
       107
        65
        61
       256
         7
       105
        59
       402
       208
        73
         5
        29
        36
         5
        12
        36
       242
        45
         3
       240
       158
       134
        29
         1
         4
       251
        20
        35
        16
        86
        58
        54
        36
       248
       251
       154
       226
       143
        49
       196
       237
      1676
       318
      7460
       982
      7797
       339
       680
       332
      7387
       428
      1408
        32
      1148
      1031
       595
      7111
      1755
      1023
       753
       933
       296
        78
        72
      1098
     10072
       859
      6249
       661
        79
       172
         6
       649
       659
      7920
      3293
       298
       656
       200
       526
     17968
        55
       976
      1436
        41
       920
      1790
      1655
      8640
       739
       667
       729
       182
       141
       860
     12650
         7
       811
       194
       494
       574
       150
       126
       304
       255
      8757
      1399
      1557
        39
       679
      8794
       285
       434
       979
        47
      3495
       546
       568
       219
      1532
       483
       457
        90
       198
       323
       625
        56
       673
        46
      1527
      1448
       617
       373
       377
        79
        42
       151
       418
       714
     16924
      1643
      2075
      1917
       225
       323
       169
        16
        73
        71
      2230
         2
       242
      1750
      1821
       151
      2573
      1855
       122
       194
        16
       236
      1689
       243
       244
       227
       163
       196
        75
        89
      1826
        20
      1559
        26
      1990
      1834
      1940
       225
       194
      2632
      2185
      1991
        34
       228
       178
        19
        11
        54
        20
       499
       129
      1877
        13
       200
       119
       130
        37
      1518
      2185
        76
      1743
         5
         8
      1740
       229
       186
       290
       109
       171
        40
       181
       721
      1515
      2472
        67
       128
       162
      1589
      1847
      1804
        38
        25
      1495
       136
       190
        35
      1424
      1532
      1785
        24
      1431
        68
      1559
       213
        34
      1508
       159
      1837
        97
        33
      3068
  44658688
 252513693
  25339825
  17235575
 294969384
 253135882
 297441770
 250815165
 129772250
  12073762
  17406794
   2389253
 308619620
  16447302
  19013381
 309273187
 275987466
 288360781
  11473847
  11252356
 303706201
 551256559
 305442116
 263866714
  23737910
 305868777
 284965799
 273097705
 337041199
  28294064
  99760431
  40563724
 245519466
 299087961
  60927116
 306712515
 273184777
 332676207
   3222527
 311346453
 672749054
 272836009
 279163262
 444169434
  39040376
 272725503
   9244769
 288871284
 264190606
 370965363
  49465480
 272634737
 204526066
 246949115
 261036988
 504759981
  13170647
 260448989
 213895373
 334002241
 302525524
  10149387
  53397255
 305344994
 319304545
  21035048
 294256652
 327025806
   3952805
 317607804
 314401757
 335610581
 304584537
  87174225
    254342
 235694744
  52925927
  19789165
 261517972
  16005415
  31677687
  57946350
 147569283
 291962875
   2843777
 241031376
 204319331
    945214
 293710026
 281062344
  18043219
 504264334
 316645527
 271881200
   8051426
 348756596
  13046446
 225262610
 279770130
  11585838
         0
         0
         0
         0
         0
         0
         0
         0
         0
         0
         0
         0
         0
         0
         0
         0
         0
         0
         0
         0
         0
         0
         0
         0
         0
         0
         0
         0
         0
         0
         0
         0
         0
         0
         0
         0
         0
         0
         0
         0
         0
         0
         0
         0
         0
         0
         0
         0
         0
         0
         0
         0
         0
         0
         0
         0
         0
         0
         0
         0
         0
         0
         0
         0
         0
         0
         0
         0
         0
         0
         0
         0
         0
         0
         0
         0
         0
         0
         0
         0
         0
         0
         0
         0
         0
         0
         0
         0
         0
         0
         0
         0
         0
         0
         0
         0
         0
         0
         0
         0
         0
        13
         5
         1
         1
        23
         3
        14
         0
         1
        10
         5
        13
        11
         4
         2
         5
         5
         6
         8
         6
         4
         2
         6
         2
         0
         3
         9
         7
         6
         0
         6
         2
        11
         6
        12
        14
         3
         0
         3
         7
        13
        11
        10
         1
         4
        10
         1
         1
         0
         0
         6
         7
         9
        14
        15
         6
         1
         7
         8
         1
         1
         0
         2
         2
         1
         1
        16
        15
         0
         3
         7
         0
         5
        13
         5
         5
         1
         5
         2
        11
         3
         4
         5
         4
         1
         4
         5
         5
         2
        13
         1
         0
         0
         8
         7
         1
         3
        11
         1
     91634
     33125
     55834
     59913
     24669
    361699
     85352
     87953
    403958
     39303
     33836
     10279
     89942
     31969
    472607
     32795
     21693
    470156
    475157
     51507
     72275
     14353
    487016
      8477
    479476
     64692
    540475
    355959
    100570
     67740
      6495
    689342
      6721
     83364
     36343
     10709
     36984
      8983
    905931
        82
    676960
     34751
     42562
    100274
      9519
     11422
     30619
     24252
     20345
     42265
    533158
    331060
     78723
    779983
     34644
    337496
    491495
     21560
     62787
     21019
    478009
     85102
    293364
     53966
      5362
     10057
     26314
     91255
     47845
      1336
     84481
    111855
    367827
     36239
     25999
    466456
     39486
     36212
     46169
     87503
     19653
     39505
      8439
     68299
      3625
    110114
     47342
     13990
     48393
     73689
     11537
      6722
   1311434
    398847
     24838
    471969
       364
     59337
    119229
     56544
  14077125
  21420240
   1800103
   1201914
     22165
   1098970
  16609274
  17687137
    462392
    411967
   2994965
  21057822
    133406
    822619
  17861275
    873240
   2483914
    914288
     70122
  15634196
  15862266
   1129925
  15488204
    533596
    589002
      2478
  21195491
    480586
   1632649
    121231
  21205688
  20370140
   4227090
    368232
  21174633
  14969440
    180563
    512156
     39297
   1071845
     72064
   3361766
   3921217
  19350004
    363160
    567049
    714924
    249610
    697909
    904522
    451541
    686114
    813704
     98811
  17000049
     88099
   1218541
  19947069
    648628
    469790
  31211709
      7966
       600
    291061
  17999969
    278331
  17749513
  37742870
  18102715
  15703380
   2092627
   1102017
  20720870
   6612329
     64350
    855914
   1580167
    379241
   1510519
  11048033
  36156953
   2313294
   1555697
  18345727
     50724
    686631
  22051143
  11187945
    823171
    853914
   3557174
   1817012
    327369
   1017635
   1439325
  18189612
   1784557
  29636863
    221896
   2081686
  11115265
   4484720
   1070010
 172418137
   2327232
   3987699
   6441275
   2677795
   2406222
  38482555
  89827546
   6700094
   2737762
  89324579
 168207884
   2389215
 173397062
  87697015
   2410468
   2439274
   1634570
   2621082
  87757900
   4444976
    253329
   6947556
   4614749
  73828344
   4866985
   2529606
   3944880
  76063696
  88589978
   1498269
 174513700
    345000
   1420258
  43986614
  78080599
   1757261
  86593214
   1119226
  74684284
  85166870
  87940093
  86166278
 181614189
  87198682
     22614
   7010365
    758223
   2028913
   5704741
    424757
  88855248
  74946113
   6029715
    477924
    747417
    732292
    721577
   1311294
   3977967
 177364904
   2231002
   1431813
   2538393
   3737813
    234589
   6734539
   3337961
   1524036
    825418
 147440694
   5368268
 129971580
    403840
     90831
  72694426
   2159791
    623224
  90558894
 175614129
  87312272
    250036
   1002929
  72896248
   3600330
   8150468
   1529455
   1867811
  59114825
  77578096
  85903835
    619155
    389151
   1637036
   2196869
   3406233
   1917436
        19
        12
       141
         1
        56
         2
         6
         4
         2
         1
         9
       155
       157
        26
       168
        21
         2
       131
        17
       134
        71
        10
        13
         2
        21
       128
        22
       118
        19
        17
        14
        10
       137
        10
         8
         4
       139
         9
       161
       153
       105
        22
         7
        42
         8
         7
         5
         0
         5
         6
         8
       114
        11
         2
        13
        14
        19
        10
        75
       144
       321
       119
         7
        14
         6
        13
       141
       115
       234
        20
         0
       118
         0
       135
       142
         7
        14
         1
         1
         0
         4
         4
        11
       146
        15
       145
       130
        12
       316
         2
       127
         2
         2
        19
       135
        17
         3
       154
        16
       128
   5660685
    123699
     95200
   9685811
   5347949
    254468
   9863512
  10816438
   5748756
     38817
   9906653
     71746
     58525
    154028
      3562
     17047
    137610
    130386
    102685
   4496694
     75458
    210575
  19021966
     13987
   5469241
   9731687
   5505678
   5560623
    106456
    195279
     81635
  10828592
     88847
    105710
    407116
    185355
    216019
    108683
     76537
    232691
   5760903
     66194
     98124
    196866
   5513365
    157477
   5606329
    104407
    143672
     74536
     19727
     28620
     12464
     94875
     98272
   4552794
    101185
   4129268
    147986
    349464
     25735
     88215
     12521
  10946726
    137564
     58763
   5316383
    251136
    178009
    136010
    285831
     16605
     10479
  11238003
     10784
      7063
    101511
  11005769
     21105
    168811
    101735
   4497676
     14146
    138339
   4530319
     88321
    276592
     99047
    235877
   5430023
     43514
   5724031
   9335187
  11092079
     52400
     40392
     79636
    401368
   4674247
    122919
        25
       229
       252
        11
       286
         5
        28
       169
        21
       229
         9
       272
       276
       283
        18
       244
        20
        10
        59
         4
        49
       257
       294
        19
         5
         6
        29
       322
       146
        62
         4
       477
       142
         7
       260
       267
       282
       520
       263
        21
        25
        18
         6
        99
        19
       274
       239
        22
       292
       329
       296
       242
       204
       124
       511
       246
       486
        26
        28
         6
        19
       302
        48
       214
        30
       141
       255
       204
       324
        46
       264
       278
       251
       439
        14
         1
        25
       284
         8
         4
       141
       284
       271
       266
       311
         0
        19
       322
       175
        43
       262
       447
       315
        18
        17
       294
        12
        29
        13
        31
     90095
  11155862
  16102986
  19685140
    137352
    132063
    358615
     20559
     45854
    129528
     97360
  11046433
    313372
  11021868
    148833
    244303
    192763
    124899
    141404
  11219397
    142587
    169249
    200607
  11176432
    330262
    300891
    311317
    357825
    154520
    152997
     22476
     64602
     21193
    118360
    214661
  16610281
    482503
  22242518
     78515
    309272
    369565
    384295
    200646
    316003
   7449088
     89061
  10933875
     60292
    589311
     24000
    111406
     95275
  11162968
    259777
    204078
    263508
    403357
    194890
    134164
     79510
     75721
    155963
    102561
   5691208
     56383
    478761
    773386
    118525
      5830
  10961613
     33989
     50336
    324129
    145210
    168014
    292550
  11214998
  10908403
     31027
    108731
  22037491
  11105030
    145345
    432510
     53391
    317680
    458175
    321182
   2718763
  11252463
  10966060
    231894
    156379
     54114
    463073
   5450865
     36303
    225336
     63055
    651377
    119065
   4628880
    165610
     56310
    201175
    220731
     74533
    338894
      9689
    112807
    108264
      6805
     55450
   9418196
     98806
     37550
    117334
   4566671
    273934
   5685717
    146662
      8851
   5493785
     34710
     46609
   2819082
     93387
     82661
   3903812
      9790
     54588
    246743
     64304
     69885
    118599
     48412
     95008
     16926
     29470
     56778
   5472435
      8906
     27339
     77890
   4882805
   4016661
     33290
   3890851
   4795861
    356294
    107686
     45084
    385534
     78682
    182893
   5452738
     32455
      1899
   4635850
     75553
   5421795
     76486
   4955380
    176178
   5421596
   5417006
     67693
    109123
   4697300
    119436
    110501
   4923937
     88110
     35224
     36785
     51512
     45615
    409592
      7217
     42082
     80965
     34572
    230292
   2768716
     14360
   4838106
    163006
     77863
     16595
     61446
    194624
     41639
   5498961
    166166
     73957
   5352878
   5499330
    151629
    376466
     61230
         1
         0
         0
         0
         0
         0
         0
         1
         4
         0
         0
         0
         1
         0
         0
         0
         0
         1
         4
         0
         1
         0
         0
         1
         0
         1
         0
         0
         0
         0
         0
         0
         0
         0
         0
         1
         0
         0
         0
         4
         0
         0
         0
         0
         4
         0
         0
         2
         0
         0
         0
         4
         1
         5
         0
         0
         0
         0
         0
         1
         0
         0
         4
         1
         1
         0
         0
         0
         0
         0
         0
         0
         0
         0
         0
         0
         0
         0
         0
         0
         1
         0
         2
         1
         5
         0
         0
         0
         0
         0
         1
         1
         0
         0
         1
         0
         1
         0
         1
         0
     35050
     63539
      4493
     39460
      2779
      2515
     39750
      1449
     59470
     34127
     60590
     28505
       277
       879
      2878
     36683
      5190
       848
       229
     35250
      9527
     29417
     50814
       708
      5435
     12347
     34139
     46238
     49718
      2564
      6509
     13785
     31873
      2335
     67591
      3972
     73620
      3372
      1056
      7624
       979
      1810
     30856
      1930
      4174
      1117
      1687
      1428
      1954
      7613
      6603
      7638
       207
      5346
      3732
       595
      1768
     37222
      9883
     36603
      1066
     65710
     64711
     48924
      5570
      2244
      2355
      2480
      2142
     36900
     45394
      8741
      4405
       479
       379
       714
      3690
     13717
     13573
      3151
      2019
       220
       460
      7087
        75
      1307
      3631
       356
     36831
     12445
     30357
     38309
     14053
     33264
       471
      2780
      2707
     31976
       949
       422
        10
        14
         8
        18
         2
         1
         0
        19
        18
        16
        15
         0
         2
        19
         0
         1
         3
         7
         1
         0
        12
         9
         1
         0
        17
         2
        15
        15
         0
        18
         0
         1
         1
         2
        13
        16
         2
         1
         1
         0
         0
        14
        14
         2
         0
        28
        17
         2
         1
        15
        20
        17
         8
        15
        18
        16
         3
        17
        19
         0
         0
         1
         1
         0
        29
        18
         5
        17
        13
        17
        15
        18
         1
         0
         1
         2
         0
        18
        18
         1
        16
         2
        14
        15
         2
         0
        11
        15
         1
         1
        13
         1
        15
        15
        17
         3
        16
        17
        16
         0
         0
         0
         2
         0
         2
         3
         2
         3
         0
         4
         0
         0
         0
         5
         1
         2
         0
         2
         2
         3
         2
         0
         2
         0
         3
         0
         0
         0
         3
         0
         1
         1
         2
         3
         3
         1
         1
         3
         3
         0
         2
         0
         0
         0
         4
         0
         2
         1
         2
         0
         2
         3
         1
         0
         2
         5
         2
         2
         2
         0
         2
         3
         2
         3
         0
         2
         1
         1
         2
         0
         1
         0
         2
         0
         0
         2
         2
         1
         5
         0
         1
         1
         5
         3
         0
         0
         3
         2
         0
         0
         3
         1
         2
         5
         3
         0
         2
         5
         3
         2
         0
         0
         0
         0
         0
         0
         0
         0
         0
         0
         0
         0
         0
         0
         0
         0
         0
         0
         0
         0
         0
         0
         0
         0
         0
         0
         0
         0
         0
         0
         0
         0
         0
         0
         0
         0
         0
         0
         0
         0
         0
         0
         0
         0
         0
         0
         0
         0
         0
         0
         0
         0
         0
         0
         0
         0
         0
         0
         0
         0
         0
         0
         0
         0
         0
         0
         0
         0
         0
         0
         0
         0
         0
         0
         0
         0
         0
         0
         0
         0
         0
         0
         0
         0
         0
         0
         0
         0
         0
         0
         0
         0
         0
         0
         0
         0
         0
         0
         0
         0
       305
       912
      1010
       640
     21775
       771
     36337
       112
       689
       770
       393
       132
       584
       668
       222
       749
       542
      1380
     21076
        60
       227
       449
      1521
      1363
      1369
       810
     89429
       768
       349
       688
      1161
      1284
       707
       383
      1033
      1155
       402
       853
     36249
      1658
     42657
       813
        61
     42464
       201
       959
     37267
     43601
       110
       705
       497
       540
      1134
       613
     43414
       431
       134
      1568
       504
       857
     31486
        24
      1426
       406
      1343
       897
       167
       150
      1463
      1392
     21207
       199
       643
       374
       213
       433
       127
       202
     29252
       623
       188
       508
      1343
        21
     36926
     30676
      1631
        61
     20690
      1199
        71
       582
     21584
       666
      1354
       764
     20677
      1921
     21270
       227
         0
         0
         0
         0
         0
         0
         0
         0
         0
         0
         0
         0
         0
         0
         0
         0
         0
         0
         0
         0
         0
         0
         0
         0
         0
         0
         0
         0
         0
         0
         0
         0
         0
         0
         0
         0
         0
         0
         0
         0
         0
         0
         0
         0
         0
         0
         0
         0
         0
         0
         0
         0
         0
         0
         0
         0
         0
         0
         0
         0
         0
         0
         0
         0
         0
         0
         0
         0
         0
         0
         0
         0
         0
         0
         0
         0
         0
         0
         0
         0
         0
         0
         0
         0
         0
         0
         0
         0
         0
         0
         0
         0
         0
         0
         0
         0
         0
         0
         0
         0
    170289
      5222
    171919
      1427
    178283
      1576
    301593
    175239
      8989
      8152
      3179
      4032
    146821
      3809
     73148
    298977
      1338
      6125
    168662
       191
      1974
       740
      1909
    178760
       280
    243740
        86
      2201
    176818
      5336
    168029
      2509
      1463
      4271
    150455
    294982
      4236
    146587
     12267
    149410
      6072
      1457
    333865
    170381
     10085
    170044
    247292
      5674
    145901
    354835
     73783
    292431
    175395
       614
     13172
    289237
    297010
    356937
    295806
      2602
      2359
       367
    146386
      9296
    170055
      2065
      6266
      1029
    169575
    248298
      2496
    174738
      3543
      7331
    149494
     11556
    170422
    297480
      5973
    147289
      3774
    178494
     28998
      5662
    294168
    145771
      2505
      3244
    243753
      2030
      5244
    176373
       761
     12016
      3513
     12644
      2314
     10943
    339074
      7614
    265704
 938266928
 621951635
 496862565
   3496051
  48913122
 480403229
 579376542
  23231704
 506889048
  23476829
  17073978
  84783997
   1173734
 327572662
  38528825
  69842654
 485803376
  44802879
 545029849
 495038330
 308232098
 433289317
 495786065
  88297158
 611370214
 536628254
 241195828
  82306042
  93642756
 478892569
 560117998
 459329821
   1171511
 368501273
 504597469
 600153622
  52441578
   2024689
  61466780
  37420312
 483864275
 365183606
  31037454
 286501780
  46553909
 604665143
 481770209
  20458809
  30089691
  58401091
 392409420
  71340294
 369541049
 100730374
 456326016
 956590361
 353025941
  15687592
  54370709
 317044090
   4281920
 317051002
 377683541
  17190067
 345907348
   5335823
  88077762
  11551898
 467530888
 105274326
    468282
  89883363
 562018718
  59682325
 453424849
 102174984
  19625646
 452382517
  17335213
  42938128
  49149174
 533055271
 438413713
  23007045
  21469762
 538338683
   2453535
 424672633
 418459539
 551431103
 493352642
   6683866
  25708008
    870295
  13900212
   6232546
  99965043
   7634534
   7738505
   1152604
   1171534
   1156075
    937861
      3637
    957279
      2351
   1200009
     46761
    693594
    695490
     18219
     10016
     43360
     11911
    674068
      6031
   1197275
   1378533
    953448
    976760
     27437
   1392536
    678349
      2759
     34659
    568820
      1584
     19028
     29250
      3922
   1374832
   1171479
    942385
    664256
     25412
   1002656
     10288
    980416
   1215240
     49989
   1429398
     12057
    982594
     10557
    940422
     22426
    589336
     12571
      9594
     38228
   1142190
    674466
   1212461
      8510
    688998
    695306
     22976
     14662
   1169723
     21975
    684299
     13810
   1984837
       807
    950338
     60635
     13592
   1197874
      2236
   1189136
     33009
   1371212
     11205
   1151710
    963703
     46811
     47110
      6909
    988421
   1339528
     26910
     83375
    487234
   1372147
      1552
     31507
   1185493
   1422588
    587918
    960463
    973691
   1364358
   1189486
     15835
   1153425
     20900
      7316
   1209636
   1196030
   4892153
  10239347
   8658142
  89284730
  10902636
   1539315
   8133949
  12879083
   1273344
   5157002
   4855425
   4119402
   4426986
   5955259
 125571502
 139356298
     44003
   4645523
 116041069
   6170566
   8852250
   4047138
  20606786
  23211604
  19748995
  62871352
    395942
   1225550
  42872256
   3240122
   8938274
   3301673
   3743391
 234888242
  17215714
   4371748
   4147412
  87785133
  13762861
   6027912
   4383215
   2559014
  11976934
   7432862
    441590
   6107317
  81470088
   6209230
  11028632
 128556171
   8269135
  10442323
    674791
  22975688
   6224803
  11095288
  81833813
   4681976
   9549911
   3396197
  88578072
   4698677
   2305879
  10384324
   8570674
    136168
  11743985
   4353022
  63229936
  84793567
   7912905
   2433430
   6425147
   5000566
  24499678
   2994883
  42596744
  61937719
   1851672
  10608988
  10019843
   8101121
  13161489
  82432814
  72680020
   3311762
   7135523
    366158
  75228820
   3203803
  87683350
   2546299
   9518222
  89362676
  18380037
  60925328
   4472618
   3436617
    606385
  21631289
   1880807
   3057752
  56267115
   5525864
    471795
   1393840
    798010
   3237277
   1187706
   5643041
   3689631
   1574705
   2579357
    225704
  37122228
  76245200
  10229721
  60780028
   2036891
   1251260
  49412687
   1480613
   2840586
   5240874
    414541
    423043
   2003796
   1581889
  59461415
  55201184
   3906742
   3463202
   5020042
   5105291
   3321672
   4692351
  74320921
  73016238
    180828
   7050618
   2314398
    837688
  74354382
    336085
    927553
   3158669
   6374492
   1784039
    243768
   4461832
   5784736
   5855905
   2723585
   4800332
   1418376
  72424469
   3351921
   1247406
   4261591
    766059
   3643889
   9373186
   1582839
   8275560
    131264
   4975018
  63558648
     28566
   1266555
    317308
  66915619
   1949922
   1800257
   2689333
    981757
    567450
   1055039
   3729071
   4949214
  16300361
   1201270
   1894963
   5624194
    463473
   1761652
  10326803
   1952697
   1169645
    449581
   1206870
   3275798
   4191675
    111629
   4158179
   6152903
   2039829
   2297869
  73748422
   1345100
    230337
      1579
        13
      2107
      1279
      1866
         2
        40
        14
      1052
      2103
       142
       483
        29
        77
       353
       871
      1107
       176
       127
        62
      1935
        46
      2199
        76
        42
        51
       115
        24
       201
        64
       120
      1902
       368
       283
        70
        68
       115
         6
       327
        39
        62
       203
       179
       162
       104
       133
        11
      1899
      1587
       941
        21
       314
        81
         3
       843
      1145
       223
        93
       235
        91
       196
        26
        39
        84
        35
      1784
       102
      1320
      1642
        41
       131
      1745
        98
       101
      1090
      2194
        72
        61
      2140
      1729
       209
        54
       232
      1687
       268
      1856
       172
       124
       183
        28
       115
        96
        84
        57
       101
      2158
        10
        31
       128
       200
         0
         0
         0
         0
         0
         0
         0
         0
         0
         0
         0
         0
         0
         0
         0
         0
         0
         0
         0
         0
         0
         0
         0
         0
         0
         0
         0
         0
         0
         0
         0
         0
         0
         0
         0
         0
         0
         0
         0
         0
         0
         0
         0
         0
         0
         0
         0
         0
         0
         0
         0
         0
         0
         0
         0
         0
         0
         0
         0
         0
         0
         0
         0
         0
         0
         0
         0
         0
         0
         0
         0
         0
         0
         0
         0
         0
         0
         0
         0
         0
         0
         0
         0
         0
         0
         0
         0
         0
         0
         0
         0
         0
         0
         0
         0
         0
         0
         0
         0
         0
    549200
    418468
    508627
    488045
    315232
    351726
  77687550
    402179
   2815493
  45776247
    126924
 155737848
    229376
    467677
    561052
   1709569
     11315
    871065
    965027
  62407711
    777510
   2101751
    242649
  75308981
    623007
    666381
   1129825
     32768
  74658662
    146193
    500616
  75432570
  87545153
    268172
  75604577
    899408
  88383194
   1199826
    584528
  37118960
  72184277
    815245
   1198461
  90374883
  38265866
  44291475
  75252875
  45789755
  44246079
     78069
  74991256
  63993688
   1126721
    385558
    662579
  77298313
   1815316
  76309225
    773013
  75880423
  78533394
    813399
   1598610
   2033905
    573821
  75471104
   2587930
  76400692
  31239648
     80752
   2988384
   1862405
   1388164
  77691098
   1469231
   1365252
    296697
    924666
 179097412
 148247145
    360730
  74376843
     89432
   1421072
  76559765
    164361
   2706161
  89737519
   1273153
  73628934
   1618787
  43491080
  65893682
    373260
    684178
   5723874
    165310
    930361
  75790799
   1289746
         0
         0
         0
         0
         0
         0
         0
         0
         0
         0
         0
         0
         0
         0
         0
         0
         0
         0
         0
         0
         0
         0
         0
         0
         0
         0
         0
         0
         0
         0
         0
         0
         0
         0
         0
         0
         0
         0
         0
         0
         0
         0
         0
         0
         0
         0
         0
         0
         0
         0
         0
         0
         0
         0
         0
         0
         0
         0
         0
         0
         0
         0
         0
         0
         0
         0
         0
         0
         0
         0
         0
         0
         0
         0
         0
         0
         0
         0
         0
         0
         0
         0
         0
         0
         0
         0
         0
         0
         0
         0
         0
         0
         0
         0
         0
         0
         0
         0
         0
         0
         0
         0
         0
         0
         0
         0
         0
         0
         0
         0
         0
         0
         0
         0
         0
         0
         0
         0
         0
         0
         0
         0
         0
         0
         0
         0
         0
         0
         0
         0
         0
         0
         0
         0
         0
         0
         0
         0
         0
         0
         0
         0
         0
         0
         0
         0
         0
         0
         0
         0
         0
         0
         0
         0
         0
         0
         0
         0
         0
         0
         0
         0
         0
         0
         0
         0
         0
         0
         0
         0
         0
         0
         0
         0
         0
         0
         0
         0
         0
         0
         0
         0
         0
         0
         0
         0
         0
         0
         0
         0
         0
         0
         0
         0
         0
         0
         0
         0
         0
         0
         0
         0
         0
         0
         0
         0
         0
         0
         0
         0
         0
         0
         0
         0
         0
         0
         0
         0
         0
         0
         0
         0
         0
         0
         0
         0
         0
         0
         0
         0
         0
         0
         0
         0
         0
         0
         0
         0
         0
         0
         0
         0
         0
         0
         0
         0
         0
         0
         0
         0
         0
         0
         0
         0
         0
         0
         0
         0
         0
         0
         0
         0
         0
         0
         0
         0
         0
         0
         0
         0
         0
         0
         0
         0
         0
         0
         0
         0
         0
         0
         0
         0
         0
         0
         0
         0
         0
         0
         0
         0
         0
         0
         0
         0
         0
         0
         0
         0
         0
         0
   3289317
     76803
  75684163
   2220012
   1139725
   7964108
   5416386
  55263736
  64876193
  98321221
  55476453
  74362445
  13221150
   3088359
   2618347
  64886997
    268641
   2387150
   1182057
   7528338
   2499471
   2709483
   1960006
  38995618
   1572773
   3634652
    609560
   4394223
   2307349
   1113294
   2506998
   8260225
 186750513
   2969157
   2588165
   1695829
   4243733
   1934439
    110305
   3447797
   1128495
  73026512
    162027
  68433219
   1586445
  36721433
   8666719
  67357417
  10281908
   5192184
  75057969
   1513880
   1847050
  36671142
   1264653
     12411
   3220587
   6004428
   3996630
   1543395
   1238711
  10163026
  64236826
    187776
   2271228
     58118
   5275098
    789321
  60579058
   4109785
    225789
   2615378
   5467566
   1531634
   4308175
   2790995
  10854731
   6674607
   3030125
   5351159
   3563754
   3751717
   3651811
   5879677
  33040162
  51777877
    441947
  29754752
   1531132
   4949759
    318593
   2344516
   7726816
   6768837
   3554808
     60144
 122171194
   3914131
  32420468
  10453807
     29975
    169765
      5748
    143915
    152641
    167978
    135071
     94201
    182338
     77125
    141801
      6207
      7719
      6725
    136625
     12031
      8498
    128676
    155964
    122073
       466
     53271
     12564
     22650
     14119
     38356
     93151
     10367
    142512
     13264
     27213
     11090
    135841
     47847
      4478
    183568
      4830
    145606
     29984
    169106
      1759
     14944
    122808
       250
    120986
     13576
    120003
     10951
     21679
     18482
    116856
     23809
      7995
     17830
     36783
      2573
     49667
     14064
    143215
      7392
      2877
     13090
    155499
      3235
    127991
    114686
    151556
      9394
      6331
    145930
     14765
     20413
    118610
    278515
    166723
     19328
    137296
    146836
    138536
    137683
    171146
     14269
    169229
     18175
    140164
      7621
     16196
     27101
     19037
      2864
    151856
    394526
      8744
     11027
    141971
    119897
    171923
     19184
    147363
    193309
 550789303
 315131118
  18335100
 107321445
  68561903
  37508658
   3843462
 568848961
 528464840
  53065963
 497927562
 579901405
   2264217
 477016226
 544854745
  77866773
 599497474
 570693779
  20031286
 470919097
  51901242
  34525461
  12365549
  46608485
  55410307
  26308291
 305906912
 559673633
  28670045
  71129850
 484003703
   9131309
 525142330
 563341631
   6542969
 522216527
  93362442
 383046076
  71582788
 457858535
 491313269
 275287749
 395211717
  80412383
 469731737
  56920442
  44110652
 582946017
  71924444
 439689958
   2208646
 457583032
 338886977
 529962647
 336382950
  39539817
 506101525
 411778866
 400376526
   5930091
  21502384
  23427787
 507742978
  33983831
  35028861
 877277266
   5872509
 496018004
 494171975
 285957037
  21160678
   8055433
 246729340
  45217737
 101983406
 578087525
  45972078
  63440758
 899083682
 560586815
  51055756
   6100806
  36088008
  99009204
  15583669
 350910368
  75737147
  54297172
  52009370
   5547006
  27337955
  25666197
  43775224
  14749201
 589805921
 548432739
  94889426
  34669727
  72506751
   9325594
      2227
      3724
        17
      9476
      4767
      9586
      3638
       606
      5163
      9003
       246
       473
        29
      9068
      2623
      4872
      3765
      7909
      4474
        37
        17
         4
      5075
      4651
      4411
      4667
      4743
      5462
       793
        47
      2816
      3594
      3218
      4161
      3821
        60
      3757
      3780
       286
        33
       755
      4730
       114
       363
       119
      1692
       435
       137
       920
       335
      5450
       294
      3699
      8852
       107
       293
       311
       605
      4219
       213
      5338
      5319
      7341
      9706
         7
      5241
        23
      4742
      4357
       154
       919
      3694
        75
      1645
       263
       785
      4441
       168
      4752
       597
      4960
         6
      4759
       565
       528
         9
       641
      3560
        86
      2559
       449
      8757
      4336
       442
      4229
      4198
       365
      2161
      4891
       569
       162
       421
      9197
       211
        45
      1454
      4035
       484
       177
       929
       386
       308
        66
       112
       930
       183
       411
      4041
        50
       660
        21
        62
       650
      4232
      1089
        18
      1510
       578
        66
       454
        53
       239
       220
      4083
       664
       482
       343
       489
      4634
       390
      4224
         8
      1152
       803
        81
       577
       679
       987
       554
      3957
       131
       438
       449
      1130
       893
       555
       257
      1067
      8521
       153
       191
         9
      6489
       435
      1970
       877
      4901
      3797
      4376
       122
       926
       267
       208
        58
       382
       123
       930
        93
      1620
       381
      3771
       801
      6338
       689
        56
       601
       256
      4560
      4324
       426
       483
      2961
       639
       666
       338
       185
         4
       835
       495
      4873
         0
         0
         0
         0
         0
         0
         0
         0
         0
         0
         0
         0
         0
         0
         0
         0
         0
         0
         0
         0
         0
         0
         0
         0
         0
         0
         0
         0
         0
         0
         0
         0
         0
         0
         0
         0
         0
         0
         0
         0
         0
         0
         0
         0
         0
         0
         0
         0
         0
         0
         0
         0
         0
         0
         0
         0
         0
         0
         0
         0
         0
         0
         0
         0
         0
         0
         0
         0
         0
         0
         0
         0
         0
         0
         0
         0
         0
         0
         0
         0
         0
         0
         0
         0
         0
         0
         0
         0
         0
         0
         0
         0
         0
         0
         0
         0
         0
         0
         0
         0
  18641351
  13726813
   2706003
   2287802
   4194304
  20003604
  19503514
 692992228
   4194304
 524008380
   9122611
   1572864
 692306884
 712696136
 612733106
         0
  11744051
 724416219
   4776846
1049241763
 617161874
    449390
 724312911
  20971520
  26843546
 723585090
   8213845
   4893355
  29741428
         0
   5347738
   9320676
   1966080
  17301504
   2097152
   8388608
  14841383
 702877049
 698701141
  12116878
 355894462
   6100806
  15335424
  16777216
 685892066
 601954940
 701682387
   1398101
 693787226
 602406912
    762601
 694656634
    524288
 584266547
  15252015
   8118008
  10385896
 603420535
   4928307
 699786509
   8388608
         0
  27562569
  12260273
  11614996
 719622729
 603380590
    699051
   3844779
 605603378
 713870541
  16014615
  12829636
   3549026
 506366883
   6116693
 722019474
  17406362
  20505486
   4793490
 700448768
 585878043
  18751006
  11983726
  23767723
 733867900
 724416219
 724126291
   8912896
 583532544
   3994575
 608356441
   9786709
   2287802
  13631488
  20272469
   8388608
         0
   3871665
 613207245
         0
         0
         0
         0
         0
         0
         0
         0
         0
         0
         0
         0
         0
         0
         0
         0
         0
         0
         0
         0
         0
         0
         0
         0
         0
         0
         0
         0
         0
         0
         0
         0
         0
         0
         0
         0
         0
         0
         0
         0
         0
         0
         0
         0
         0
         0
         0
         0
         0
         0
         0
         0
         0
         0
         0
         0
         0
         0
         0
         0
         0
         0
         0
         0
         0
         0
         0
         0
         0
         0
         0
         0
         0
         0
         0
         0
         0
         0
         0
         0
         0
         0
         0
         0
         0
         0
         0
         0
         0
         0
         0
         0
         0
         0
         0
         0
         0
         0
         0
         0
         0
         0
         0
         0
         0
         0
         0
         0
         0
         0
         0
         0
         0
         0
         0
         0
         0
         0
         0
         0
         0
         0
         0
         0
         0
         0
         0
         0
         0
         0
         0
         0
         0
         0
         0
         0
         0
         0
         0
         0
         0
         0
         0
         0
         0
         0
         0
         0
         0
         0
         0
         0
         0
         0
         0
         0
         0
         0
         0
         0
         0
         0
         0
         0
         0
         0
         0
         0
         0
         0
         0
         0
         0
         0
         0
         0
         0
         0
         0
         0
         0
         0
         0
         0
         0
         0
         0
         0
         0
         0
         0
         0
         0
         0
         0
         0
         0
         0
         0
         0
         0
         0
         0
         0
         0
         0
         0
         0
         0
         0
         0
         0
         0
         0
         0
         0
         0
         0
         0
         0
         0
         0
         0
         0
         0
         0
         0
         0
         0
         0
         0
         0
         0
         0
         0
         0
         0
         0
         0
         0
         0
         0
         0
         0
         0
         0
         0
         0
         0
         0
         0
         0
         0
         0
         0
         0
         0
         0
         0
         0
         0
         0
         0
         0
         0
         0
         0
         0
         0
         0
         0
         0
         0
         0
         0
         0
         0
         0
         0
         0
         0
         0
         0
         0
         0
         0
         0
         0
         0
         0
         0
         0
         0
         0
         0
         0
         0
         0
         0
         0
         0
         0
         0
         0
         0
         0
         0
         0
         0
         0
         0
         0
         0
         0
         0
         0
         0
         0
         0
         0
         0
         0
         0
         0
         0
         0
         0
         0
         0
         0
         0
         0
         0
         0
         0
         0
         0
         0
         0
         0
         0
         0
         0
         0
         0
         0
         0
         0
         0
         0
         0
         0
         0
         0
         0
         0
         0
         0
         0
         0
         0
         0
         0
         0
         0
         0
         0
         0
         0
         0
         0
         0
         0
         0
         0
         0
         0
         0
         0
         0
         0
         0
         0
         0
         0
         0
         0
         0
         0
         0
         0
         0
         0
         0
         0
         0
         0
         0
         0
         0
   8388608
   8388608
   4194304
   4194304
   8388608
   1835008
   4194304
   4194304
         0
   4194304
   2097152
   4194304
   4194304
         0
   6291456
         0
   2097152
         0
         0
   6291456
   4194304
         0
   4194304
   2097152
         0
         0
         0
   2097152
   6291456
   6291456
   2097152
   6291456
         0
  12582912
   6291456
   4194304
         0
   6291456
   2097152
   4194304
   2097152
         0
   2097152
   2097152
   4194304
         0
   3670016
   4194304
   6291456
         0
   2097152
   6291456
   4194304
  12582912
   2097152
   6291456
         0
   2097152
   2097152
   6291456
   2097152
   6291456
         0
  16777216
   2097152
         0
         0
   2097152
   2097152
   4194304
         0
   2097152
   2097152
         0
   4194304
   6291456
   2097152
         0
   2097152
   4194304
   6291456
         0
   2097152
   2097152
         0
   6291456
   6291456
   4194304
   2097152
         0
   4194304
   4194304
   4194304
         0
   4194304
   4194304
         0
   2097152
   6291456
         0
         0
         0
         0
         0
         0
         0
         0
         0
         0
         0
         0
         0
         0
         0
         0
         0
         0
         0
         0
         0
         0
         0
         0
         0
         0
         0
         0
         0
         0
         0
         0
         0
         0
         0
         0
         0
         0
         0
         0
         0
         0
         0
         0
         0
         0
         0
         0
         0
         0
         0
         0
         0
         0
         0
         0
         0
         0
         0
         0
         0
         0
         0
         0
         0
         0
         0
         0
         0
         0
         0
         0
         0
         0
         0
         0
         0
         0
         0
         0
         0
         0
         0
         0
         0
         0
         0
         0
         0
         0
         0
         0
         0
         0
         0
         0
         0
         0
         0
         0
         0
         7
        37
         4
        11
         3
        69
         2
        43
         4
        12
         1
         5
        41
         6
        71
         9
         5
        11
         5
         3
         7
         9
         3
         4
         2
         1
        11
         3
         7
         3
         3
         2
         4
         2
         4
         2
         2
         7
         0
         2
        15
        23
         6
         1
         6
         3
         6
         5
        65
        36
        10
        19
         5
         7
        70
        37
        63
         3
         1
         4
        70
        15
         6
        32
         3
        19
        34
        12
         4
        66
         6
         3
         7
         7
         5
         8
        34
        37
         8
         5
        43
        65
         6
        12
         9
        41
        30
        60
        45
        22
         3
         1
         6
        15
         7
        38
         4
         7
         4
        11
         0
         0
         0
         0
         0
         0
         0
         0
         0
         0
         0
         0
         0
         0
         0
         0
         0
         0
         0
         0
         0
         0
         0
         0
         0
         0
         0
         0
         0
         0
         0
         0
         0
         0
         0
         0
         0
         0
         0
         0
         0
         0
         0
         0
         0
         0
         0
         0
         0
         0
         0
         0
         0
         0
         0
         0
         0
         0
         0
         0
         0
         0
         0
         0
         0
         0
         0
         0
         0
         0
         0
         0
         0
         0
         0
         0
         0
         0
         0
         0
         0
         0
         0
         0
         0
         0
         0
         0
         0
         0
         0
         0
         0
         0
         0
         0
         0
         0
         0
         0
         0
         0
         0
         0
         0
         0
         0
         0
         0
         0
         0
         0
         0
         0
         0
         0
         0
         0
         0
         0
         0
         0
         0
         0
         0
         0
         0
         0
         0
         0
         0
         0
         0
         0
         0
         0
         0
         0
         0
         0
         0
         0
         0
         0
         0
         0
         0
         0
         0
         0
         0
         0
         0
         0
         0
         0
         0
         0
         0
         0
         0
         0
         0
         0
         0
         0
         0
         0
         0
         0
         0
         0
         0
         0
         0
         0
         0
         0
         0
         0
         0
         0
         0
         0
         0
         0
         0
         0
         0
         0
         0
         0
         0
         0
         0
         0
         0
         0
         0
         0
       156
        99
       133
       242
       121
       147
       124
        42
       263
       289
        84
        67
       200
       289
       137
        53
       152
       125
        21
        81
       152
        30
       153
       125
        13
        73
       147
       266
         9
       291
        80
        24
        57
       146
       147
        29
       147
        85
       132
       288
        57
         8
       150
        54
        19
       147
       149
       145
       147
        77
       154
        30
       152
        31
        79
       146
        91
       147
       295
       144
       283
       135
       149
        33
       130
       267
        62
       141
       152
        44
       146
        23
       131
       140
        30
       145
        79
        98
        96
       130
       138
       138
        88
       154
        81
        12
        93
       136
       147
        28
       297
       287
       147
       146
        94
        27
       303
       151
       145
        38
